%%MatrixMarket distributed-matrix coordinate real general
%-------------------------------------------------------------------------------
% UF Sparse Matrix Collection, Tim Davis
% http://www.cise.ufl.edu/research/sparse/matrices/Pothen/bodyy5
% name: Pothen/bodyy5
% [bodyy5, with coordinates.  From NASA, collected by Alex Pothen]
% id: 869
% date: 2003
% author: NASA
% ed: G. Kumfert, A. Pothen
% fields: A title name Zeros id aux date author ed kind
% aux: coord
% kind: structural problem
%-------------------------------------------------------------------------------
18589 18589 129281 8
0
16642
32961
49149
65273
81269
97912
114291
129281
10331 189 0
10330 189 2636.04
190 189 0.000182669
189 189 2637.04
10332 190 0
10331 190 2737.2
191 190 0.000182669
190 190 2738.2
189 190 0.000182669
10333 191 0
10332 191 2636.04
192 191 0.000197248
191 191 2637.04
190 191 0.000182669
10334 192 0
10333 192 2441.2
193 192 0.00021299
192 192 2442.2
191 192 0.000197248
10335 193 0
10334 193 2260.77
194 193 0.00022999
193 193 2261.77
192 193 0.00021299
10336 194 0
10335 194 2093.67
195 194 0.000248345
194 194 2094.67
193 194 0.00022999
10337 195 0
10336 195 1938.92
196 195 0.000268166
195 195 1939.92
194 195 0.000248345
10338 196 0
10337 196 1795.61
197 196 0.000289569
196 196 1796.61
195 196 0.000268166
10339 197 0
10338 197 1662.89
198 197 0.00031268
197 197 1663.89
196 197 0.000289569
10340 198 0
10339 198 1539.98
199 198 0.000337636
198 198 1540.98
197 198 0.00031268
10341 199 0
10340 199 1426.16
200 199 0.000364583
199 199 1427.16
198 199 0.000337636
10342 200 0
10341 200 1320.75
201 200 0.000393681
200 200 1321.75
199 200 0.000364583
10343 201 0
10342 201 1223.13
202 201 0.000425101
201 201 1224.13
200 201 0.000393681
10344 202 0
10343 202 1132.72
203 202 0.00045903
202 202 1133.72
201 202 0.000425101
10345 203 0
10344 203 1049
204 203 0.000495666
203 203 1050
202 203 0.00045903
10346 204 0
10345 204 971.465
205 204 0.000535225
204 204 972.466
203 204 0.000495666
10347 205 0
10346 205 899.662
206 205 0.000577943
205 205 900.663
204 205 0.000535225
10348 206 0
10347 206 833.165
207 206 0.000624069
206 206 834.166
205 206 0.000577943
10349 207 0
10348 207 771.584
208 207 0.000673877
207 207 772.585
206 207 0.000624069
10350 208 0
10349 208 714.554
209 208 0.000727661
208 208 715.555
207 208 0.000673877
10351 209 0
10350 209 661.739
210 209 0.000785737
209 209 662.741
208 209 0.000727661
10352 210 0
10351 210 612.828
211 210 0.000848448
210 210 613.83
209 210 0.000785737
10353 211 0
10352 211 567.533
212 211 0.000916164
211 211 568.534
210 211 0.000848448
10354 212 0
10353 212 525.585
213 212 0.000989285
212 212 526.587
211 212 0.000916164
10355 213 0
10354 213 486.737
214 213 0.00106824
213 213 487.739
212 213 0.000989285
10356 214 0
10355 214 450.761
215 214 0.0011535
214 214 451.764
213 214 0.00106824
10357 215 0
10356 215 417.444
216 215 0.00124556
215 215 418.447
214 215 0.0011535
10358 216 0
10357 216 386.59
217 216 0.00134497
216 216 387.593
215 216 0.00124556
10359 217 0
10358 217 358.016
218 217 0.00145232
217 217 359.019
216 217 0.00134497
10360 218 0
10359 218 331.554
219 218 0.00156823
218 218 332.557
217 218 0.00145232
10361 219 0
10360 219 233.232
220 219 0.00338679
219 219 234.237
218 219 0.00156823
10362 220 0
10361 220 110.724
221 220 0.00677357
220 220 111.735
219 220 0.00338679
10363 221 -0.00016277
10362 221 55.3624
222 221 0.0137099
221 221 56.383
220 221 0.00677357
10364 222 -0.00423271
10363 222 27.6899
223 222 0.0311594
222 222 28.739
221 222 0.0137099
10365 223 -0.496393
10364 223 19.1335
224 223 0.536297
223 223 21.1974
222 223 0.0311594
10366 224 0.488492
10365 224 27.8342
225 224 0.0220509
224 224 29.881
223 224 0.536297
10367 225 0.00423267
10366 225 18.7906
226 225 0.0269247
225 225 19.8438
224 225 0.0220509
10368 226 0.00016277
10367 226 27.6856
227 226 0.0135471
226 226 28.7262
225 226 0.0269247
10369 227 0
10368 227 55.3622
228 227 0.00677357
227 227 56.3825
226 227 0.0135471
10370 228 0
10369 228 110.724
229 228 0.00338679
228 228 111.735
227 228 0.00677357
10371 229 0
10370 229 233.232
230 229 0.00156823
229 229 234.237
228 229 0.00338679
10372 230 0
10371 230 331.554
231 230 0.00145232
230 230 332.557
229 230 0.00156823
10373 231 0
10372 231 358.016
232 231 0.00134497
231 231 359.019
230 231 0.00145232
10374 232 0
10373 232 386.59
233 232 0.00124556
232 232 387.593
231 232 0.00134497
10375 233 0
10374 233 417.444
234 233 0.0011535
233 233 418.447
232 233 0.00124556
10376 234 0
10375 234 450.761
235 234 0.00106824
234 234 451.764
233 234 0.0011535
10377 235 0
10376 235 486.737
236 235 0.000989285
235 235 487.739
234 235 0.00106824
10378 236 0
10377 236 525.585
237 236 0.000916164
236 236 526.587
235 236 0.000989285
10379 237 0
10378 237 567.533
238 237 0.000848448
237 237 568.534
236 237 0.000916164
10380 238 0
10379 238 612.828
239 238 0.000785737
238 238 613.83
237 238 0.000848448
10381 239 0
10380 239 661.739
240 239 0.000727661
239 239 662.741
238 239 0.000785737
10382 240 0
10381 240 714.554
241 240 0.000673877
240 240 715.555
239 240 0.000727661
10383 241 0
10382 241 771.584
242 241 0.000624069
241 241 772.585
240 241 0.000673877
10384 242 0
10383 242 833.165
243 242 0.000577943
242 242 834.166
241 242 0.000624069
10385 243 0
10384 243 899.662
244 243 0.000535225
243 243 900.663
242 243 0.000577943
10386 244 0
10385 244 971.465
245 244 0.000495666
244 244 972.466
243 244 0.000535225
10387 245 0
10386 245 1049
246 245 0.00045903
245 245 1050
244 245 0.000495666
10387 246 1132.72
246 246 1133.72
245 246 0.00045903
246 247 0.000425101
1256 1161 0.231645
1257 1162 0.409509
1256 1162 0.424166
1258 1163 0.435292
1257 1163 0.444349
1259 1164 0.404538
1258 1164 0.443482
1363 1255 0.290148
1256 1255 0.949991
1365 1256 0.24442
1364 1256 0.324404
1363 1256 0.512734
1257 1256 0.980037
1256 1256 4.6674
1366 1257 0.344863
1365 1257 0.445858
1258 1257 1.10548
1257 1257 4.7301
1256 1257 0.980037
1367 1258 0.479293
1366 1258 0.338939
1259 1258 0.903258
1258 1258 4.70575
1257 1258 1.10548
1369 1259 0.314484
1368 1259 0.487924
1367 1259 0.281209
1260 1259 0.923412
1259 1259 4.60637
1258 1259 0.903258
1483 1357 0.217558
1482 1357 0.308353
1484 1358 0.186022
1483 1358 0.648528
1485 1359 0.322828
1484 1359 0.48715
1486 1360 0.258402
1485 1360 0.559317
1487 1361 0.263128
1486 1361 0.557504
1488 1362 0.194738
1487 1362 0.607997
1363 1362 1.13486
1489 1363 0.235426
1488 1363 0.378896
1364 1363 1.48096
1363 1363 5.03303
1256 1363 0.512734
1490 1364 0.371909
1489 1364 0.509889
1365 1364 1.74664
1364 1364 5.4338
1363 1364 1.48096
1256 1364 0.324404
1491 1365 0.276226
1490 1365 0.252675
1366 1365 1.38215
1365 1365 5.34797
1364 1365 1.74664
1257 1365 0.445858
1256 1365 0.24442
1492 1366 0.450988
1491 1366 0.246692
1367 1366 1.27004
1366 1366 5.03368
1365 1366 1.38215
1258 1366 0.338939
1257 1366 0.344863
1493 1367 0.166722
1492 1367 0.436016
1368 1367 1.49225
1367 1367 5.12553
1366 1367 1.27004
1259 1367 0.281209
1258 1367 0.479293
1494 1368 0.588676
1493 1368 0.414021
1369 1368 1.09529
1368 1368 5.07816
1367 1368 1.49225
1259 1368 0.487924
1496 1369 0.370149
1495 1369 0.321303
1494 1369 0.289127
1370 1369 0.878398
1369 1369 4.67191
1368 1369 1.09529
1260 1369 0.403161
1259 1369 0.314484
1621 1481 0.073885
1482 1481 1.59612
1622 1482 0.296547
1621 1482 0.615938
1483 1482 1.62477
1482 1482 5.44173
1623 1483 0.292761
1622 1483 0.351573
1484 1483 0.932949
1483 1483 5.06813
1482 1483 1.62477
1625 1484 0.190293
1624 1484 0.364384
1623 1484 0.529648
1485 1484 0.96221
1484 1484 4.65265
1483 1484 0.932949
1626 1485 0.190805
1625 1485 0.606363
1486 1485 1.08671
1485 1485 4.72823
1484 1485 0.96221
1627 1486 0.279413
1626 1486 0.515742
1487 1486 1.06439
1486 1486 4.76216
1485 1486 1.08671
1628 1487 0.283142
1627 1487 0.527369
1488 1487 0.999234
1487 1487 4.74526
1486 1487 1.06439
1630 1488 0.251492
1629 1488 0.273497
1628 1488 0.444006
1489 1488 1.29967
1488 1488 4.84154
1487 1488 0.999234
1363 1488 0.378896
1631 1489 0.184215
1630 1489 0.42472
1490 1489 1.43807
1489 1489 5.092
1488 1489 1.29967
1364 1489 0.509889
1363 1489 0.235426
1632 1490 0.195049
1631 1490 0.445435
1491 1490 1.46861
1490 1490 5.17175
1489 1490 1.43807
1365 1490 0.252675
1364 1490 0.371909
1633 1491 0.26959
1632 1491 0.445516
1492 1491 1.50819
1491 1491 5.21482
1490 1491 1.46861
1366 1491 0.246692
1365 1491 0.276226
1633 1492 0.348345
1493 1492 1.52317
1492 1492 5.26671
1491 1492 1.50819
1367 1492 0.436016
1366 1492 0.450988
1634 1493 0.440161
1633 1493 0.288059
1494 1493 1.27523
1493 1493 5.10736
1492 1493 1.52317
1368 1493 0.414021
1367 1493 0.166722
1635 1494 0.344754
1634 1494 0.200016
1495 1494 1.31721
1494 1494 5.01502
1493 1494 1.27523
1369 1494 0.289127
1368 1494 0.588676
1637 1495 0.444756
1636 1495 0.405434
1635 1495 0.381188
1496 1495 1.03388
1495 1495 4.90378
1494 1495 1.31721
1369 1495 0.321303
1638 1496 0.264076
1637 1496 0.479669
1497 1496 1.02051
1496 1496 4.74061
1495 1496 1.03388
1370 1496 0.572316
1369 1496 0.370149
1777 1620 0.307503
1621 1620 1.31625
1778 1621 0.311358
1777 1621 0.398704
1622 1621 1.32374
1621 1621 5.03987
1482 1621 0.615938
1779 1622 0.31516
1778 1622 0.353271
1623 1622 1.4217
1622 1622 5.06199
1621 1622 1.32374
1483 1622 0.351573
1482 1622 0.296547
1780 1623 0.244243
1779 1623 0.323636
1624 1623 1.22835
1623 1623 5.04033
1622 1623 1.4217
1484 1623 0.529648
1483 1623 0.292761
1782 1624 0.367578
1781 1624 0.36894
1780 1624 0.500782
1625 1624 1.08207
1624 1624 4.9121
1623 1624 1.22835
1484 1624 0.364384
1784 1625 0.210559
1783 1625 0.310961
1782 1625 0.437723
1626 1625 0.923578
1625 1625 4.76155
1624 1625 1.08207
1485 1625 0.606363
1484 1625 0.190293
1786 1626 0.212971
1785 1626 0.273399
1784 1626 0.557221
1627 1626 1.05194
1626 1626 4.72566
1625 1626 0.923578
1486 1626 0.515742
1485 1626 0.190805
1787 1627 0.267413
1786 1627 0.440489
1628 1627 1.3287
1627 1627 4.89533
1626 1627 1.05194
1487 1627 0.527369
1486 1627 0.279413
1788 1628 0.214313
1787 1628 0.3276
1629 1628 1.64205
1628 1628 5.23981
1627 1628 1.3287
1488 1628 0.444006
1487 1628 0.283142
1789 1629 0.469362
1788 1629 0.407349
1630 1629 1.73341
1629 1629 5.52567
1628 1629 1.64205
1488 1629 0.273497
1790 1630 0.30396
1789 1630 0.187018
1631 1630 1.49946
1630 1630 5.40006
1629 1630 1.73341
1489 1630 0.42472
1488 1630 0.251492
1791 1631 0.2948
1790 1631 0.348207
1632 1631 1.38732
1631 1631 5.15944
1630 1631 1.49946
1490 1631 0.445435
1489 1631 0.184215
1792 1632 0.397986
1791 1632 0.387306
1633 1632 1.13164
1632 1632 4.94481
1631 1632 1.38732
1491 1632 0.445516
1490 1632 0.195049
1793 1633 0.272142
1792 1633 0.299877
1634 1633 1.16683
1633 1633 4.77648
1632 1633 1.13164
1493 1633 0.288059
1492 1633 0.348345
1491 1633 0.26959
1794 1634 0.331419
1793 1634 0.409081
1635 1634 1.46292
1634 1634 5.01043
1633 1634 1.16683
1494 1634 0.200016
1493 1634 0.440161
1795 1635 0.194245
1794 1635 0.324856
1636 1635 1.51861
1635 1635 5.22657
1634 1635 1.46292
1495 1635 0.381188
1494 1635 0.344754
1796 1636 0.412899
1795 1636 0.479826
1637 1636 1.36851
1636 1636 5.18528
1635 1636 1.51861
1495 1636 0.405434
1797 1637 0.361968
1796 1637 0.257272
1638 1637 1.00082
1637 1637 4.913
1636 1637 1.36851
1496 1637 0.479669
1495 1637 0.444756
1799 1638 0.407682
1798 1638 0.300608
1797 1638 0.340981
1639 1638 0.860441
1638 1638 4.64718
1637 1638 1.00082
1497 1638 0.472563
1496 1638 0.264076
1955 1776 0.292287
1777 1776 1.14683
1956 1777 0.451871
1955 1777 0.330672
1778 1777 1.19609
1777 1777 4.83167
1621 1777 0.398704
1957 1778 0.386973
1956 1778 0.353445
1779 1778 1.32333
1778 1778 4.92446
1777 1778 1.19609
1622 1778 0.353271
1621 1778 0.311358
1958 1779 0.359892
1957 1779 0.312486
1780 1779 1.42811
1779 1779 5.06261
1778 1779 1.32333
1623 1779 0.323636
1622 1779 0.31516
1959 1780 0.239611
1958 1780 0.308151
1781 1780 1.45948
1780 1780 5.18037
1779 1780 1.42811
1624 1780 0.500782
1623 1780 0.244243
1960 1781 0.465648
1959 1781 0.425925
1782 1781 1.51957
1781 1781 5.23956
1780 1781 1.45948
1624 1781 0.36894
1961 1782 0.220592
1960 1782 0.178044
1783 1782 1.60539
1782 1782 5.3289
1781 1782 1.51957
1625 1782 0.437723
1624 1782 0.367578
1962 1783 0.432472
1961 1783 0.390191
1784 1783 1.83019
1783 1783 5.5692
1782 1783 1.60539
1625 1783 0.310961
1963 1784 0.198582
1962 1784 0.164626
1785 1784 1.66117
1784 1784 5.62235
1783 1784 1.83019
1626 1784 0.557221
1625 1784 0.210559
1964 1785 0.447279
1963 1785 0.391311
1786 1785 1.86946
1785 1785 5.64261
1784 1785 1.66117
1626 1785 0.273399
1965 1786 0.32941
1964 1786 0.14602
1787 1786 1.55697
1786 1786 5.55532
1785 1786 1.86946
1627 1786 0.440489
1626 1786 0.212971
1966 1787 0.340647
1965 1787 0.245111
1788 1787 1.58649
1787 1787 5.32423
1786 1787 1.55697
1628 1787 0.3276
1627 1787 0.267413
1967 1788 0.36557
1966 1788 0.255057
1789 1788 1.38827
1788 1788 5.21706
1787 1788 1.58649
1629 1788 0.407349
1628 1788 0.214313
1968 1789 0.377284
1967 1789 0.272097
1790 1789 1.41553
1789 1789 5.10956
1788 1789 1.38827
1630 1789 0.187018
1629 1789 0.469362
1969 1790 0.368927
1968 1790 0.300334
1791 1790 1.31317
1790 1790 5.05013
1789 1790 1.41553
1631 1790 0.348207
1630 1790 0.30396
1970 1791 0.381476
1969 1791 0.349322
1792 1791 1.19899
1791 1791 4.92507
1790 1791 1.31317
1632 1791 0.387306
1631 1791 0.2948
1971 1792 0.36878
1970 1792 0.373339
1793 1792 1.27721
1792 1792 4.91618
1791 1792 1.19899
1633 1792 0.299877
1632 1792 0.397986
1972 1793 0.335808
1971 1793 0.383981
1794 1793 1.29229
1793 1793 4.97051
1792 1793 1.27721
1634 1793 0.409081
1633 1793 0.272142
1973 1794 0.30045
1972 1794 0.381038
1795 1794 1.39425
1794 1794 5.0243
1793 1794 1.29229
1635 1794 0.324856
1634 1794 0.331419
1974 1795 0.276603
1973 1795 0.378652
1796 1795 1.34657
1795 1795 5.07015
1794 1795 1.39425
1636 1795 0.479826
1635 1795 0.194245
1975 1796 0.264854
1974 1796 0.366457
1797 1796 1.45008
1796 1796 5.09813
1795 1796 1.34657
1637 1796 0.257272
1636 1796 0.412899
1976 1797 0.150151
1975 1797 0.346026
1798 1797 1.69694
1797 1797 5.34614
1796 1797 1.45008
1638 1797 0.340981
1637 1797 0.361968
1977 1798 0.379092
1976 1798 0.467413
1799 1798 1.66962
1798 1798 5.51367
1797 1798 1.69694
1638 1798 0.300608
2149 1954 0.278523
1955 1954 0.952163
2151 1955 0.344027
2150 1955 0.318229
2149 1955 0.440413
1956 1955 0.954884
1955 1955 4.63267
1777 1955 0.330672
2152 1956 0.320597
2151 1956 0.494408
1957 1956 1.16019
1956 1956 4.7354
1955 1956 0.954884
1778 1956 0.353445
1777 1956 0.451871
2153 1957 0.475714
2152 1957 0.299246
1958 1957 1.21923
1957 1957 4.85385
1956 1957 1.16019
1779 1957 0.312486
1778 1957 0.386973
2154 1958 0.386717
2153 1958 0.337409
1959 1958 1.33315
1958 1958 4.94455
1957 1958 1.21923
1780 1958 0.308151
1779 1958 0.359892
2155 1959 0.378398
2154 1959 0.317953
1960 1959 1.31263
1959 1959 5.00767
1958 1959 1.33315
1781 1959 0.425925
1780 1959 0.239611
2156 1960 0.360044
2155 1960 0.288863
1961 1960 1.52107
1960 1960 5.12631
1959 1960 1.31263
1782 1960 0.178044
1781 1960 0.465648
2157 1961 0.351934
2156 1961 0.263614
1962 1961 1.47839
1961 1961 5.2258
1960 1961 1.52107
1783 1961 0.390191
1782 1961 0.220592
2158 1962 0.349714
2157 1962 0.245721
1963 1962 1.64224
1962 1962 5.31317
1961 1962 1.47839
1784 1962 0.164626
1783 1962 0.432472
2159 1963 0.351855
2158 1963 0.235531
1964 1963 1.52054
1963 1963 5.34006
1962 1963 1.64224
1785 1963 0.391311
1784 1963 0.198582
2160 1964 0.365946
2159 1964 0.232863
1965 1964 1.61553
1964 1964 5.32818
1963 1964 1.52054
1786 1964 0.14602
1785 1964 0.447279
2161 1965 0.36666
2160 1965 0.229472
1966 1965 1.55076
1965 1965 5.33694
1964 1965 1.61553
1787 1965 0.245111
1786 1965 0.32941
2162 1966 0.378755
2161 1966 0.25233
1967 1966 1.44282
1966 1966 5.22036
1965 1966 1.55076
1788 1966 0.255057
1787 1966 0.340647
2163 1967 0.38978
2162 1967 0.280447
1968 1967 1.32385
1967 1967 5.07456
1966 1967 1.44282
1789 1967 0.272097
1788 1967 0.36557
2164 1968 0.394608
2163 1968 0.317034
1969 1968 1.23874
1968 1968 4.95184
1967 1968 1.32385
1790 1968 0.300334
1789 1968 0.377284
2165 1969 0.401656
2164 1969 0.35657
1970 1969 1.13053
1969 1969 4.84574
1968 1969 1.23874
1791 1969 0.349322
1790 1969 0.368927
2166 1970 0.406982
2165 1970 0.391538
1971 1970 1.08372
1970 1970 4.76758
1969 1970 1.13053
1792 1970 0.373339
1791 1970 0.381476
2167 1971 0.390479
2166 1971 0.407479
1972 1971 1.1371
1971 1971 4.77153
1970 1971 1.08372
1793 1971 0.383981
1792 1971 0.36878
2168 1972 0.35608
2167 1972 0.402426
1973 1972 1.23637
1972 1972 4.84882
1971 1972 1.1371
1794 1972 0.381038
1793 1972 0.335808
2169 1973 0.317807
2168 1973 0.395102
1974 1973 1.31946
1973 1973 4.94784
1972 1973 1.23637
1795 1973 0.378652
1794 1973 0.30045
2170 1974 0.282637
2169 1974 0.389467
1975 1974 1.4267
1974 1974 5.06133
1973 1974 1.31946
1796 1974 0.366457
1795 1974 0.276603
2171 1975 0.24871
2170 1975 0.377971
1976 1975 1.53398
1975 1975 5.19825
1974 1975 1.4267
1797 1975 0.346026
1796 1975 0.264854
2172 1976 0.240527
2171 1976 0.374295
1977 1976 1.48213
1976 1976 5.24851
1975 1976 1.53398
1798 1976 0.467413
1797 1976 0.150151
2364 2148 0.224881
2149 2148 1.24892
2365 2149 0.00436344
2364 2149 0.702759
2150 2149 1.46973
2149 2149 5.14471
1955 2149 0.440413
2366 2150 0.380385
2365 2150 0.619528
2151 2150 1.45028
2150 2150 5.23815
2149 2150 1.46973
1955 2150 0.318229
2367 2151 0.371763
2366 2151 0.308989
2152 2151 0.95551
2151 2151 4.92497
2150 2151 1.45028
1956 2151 0.494408
1955 2151 0.344027
2369 2152 0.423657
2368 2152 0.25354
2367 2152 0.417724
2153 2152 0.952467
2152 2152 4.62274
2151 2152 0.95551
1957 2152 0.299246
1956 2152 0.320597
2370 2153 0.307891
2369 2153 0.499452
2154 2153 1.16766
2153 2153 4.74059
2152 2153 0.952467
1958 2153 0.337409
1957 2153 0.475714
2371 2154 0.434953
2370 2154 0.332473
2155 2154 1.20902
2154 2154 4.84878
2153 2154 1.16766
1959 2154 0.317953
1958 2154 0.386717
2372 2155 0.349429
2371 2155 0.3859
2156 2155 1.31873
2155 2155 4.93034
2154 2155 1.20902
1960 2155 0.288863
1959 2155 0.378398
2373 2156 0.329492
2372 2156 0.365405
2157 2156 1.41349
2156 2156 5.05078
2155 2156 1.31873
1961 2156 0.263614
1960 2156 0.360044
2374 2157 0.32697
2373 2157 0.334379
2158 2157 1.4782
2157 2157 5.1507
2156 2157 1.41349
1962 2157 0.245721
1961 2157 0.351934
2375 2158 0.328436
2374 2158 0.312555
2159 2158 1.50778
2158 2158 5.21222
2157 2158 1.4782
1963 2158 0.235531
1962 2158 0.349714
2376 2159 0.333156
2375 2159 0.301594
2160 2159 1.49911
2159 2159 5.22637
2158 2159 1.50778
1964 2159 0.232863
1963 2159 0.351855
2377 2160 0.339822
2376 2160 0.302056
2161 2160 1.45963
2160 2160 5.19604
2159 2160 1.49911
1965 2160 0.229472
1964 2160 0.365946
2378 2161 0.348064
2377 2161 0.316235
2162 2161 1.37163
2161 2161 5.11455
2160 2161 1.45963
1966 2161 0.25233
1965 2161 0.36666
2379 2162 0.356402
2378 2162 0.346059
2163 2162 1.25863
2162 2162 4.99192
2161 2162 1.37163
1967 2162 0.280447
1966 2162 0.378755
2380 2163 0.35984
2379 2163 0.387189
2164 2163 1.15865
2163 2163 4.87112
2162 2163 1.25863
1968 2163 0.317034
1967 2163 0.38978
2381 2164 0.35953
2380 2164 0.431155
2165 2164 1.07705
2164 2164 4.77757
2163 2164 1.15865
1969 2164 0.35657
1968 2164 0.394608
2382 2165 0.393981
2381 2165 0.440839
2166 2165 0.999438
2165 2165 4.70451
2164 2165 1.07705
1970 2165 0.391538
1969 2165 0.401656
2383 2166 0.429609
2382 2166 0.429582
2167 2166 0.999846
2166 2166 4.67294
2165 2166 0.999438
1971 2166 0.407479
1970 2166 0.406982
2384 2167 0.440888
2383 2167 0.393946
2168 2167 1.07731
2167 2167 4.7049
2166 2167 0.999846
1972 2167 0.402426
1971 2167 0.390479
2385 2168 0.431329
2384 2168 0.359471
2169 2168 1.15823
2168 2168 4.77753
2167 2168 1.07731
1973 2168 0.395102
1972 2168 0.35608
2386 2169 0.387574
2385 2169 0.359706
2170 2169 1.25737
2169 2169 4.87016
2168 2169 1.15823
1974 2169 0.389467
1973 2169 0.317807
2387 2170 0.346347
2386 2170 0.356165
2171 2170 1.36885
2170 2170 4.98934
2169 2170 1.25737
1975 2170 0.377971
1974 2170 0.282637
2388 2171 0.317008
2387 2171 0.348115
2172 2171 1.44818
2171 2171 5.10516
2170 2171 1.36885
1976 2171 0.374295
1975 2171 0.24871
2389 2172 0.302974
2388 2172 0.339505
2173 2172 1.49762
2172 2172 5.18637
2171 2172 1.44818
1977 2172 0.357565
1976 2172 0.240527
2609 2363 0.106531
2364 2363 1.42561
2609 2364 0.490087
2365 2364 1.27077
2364 2364 5.1141
2149 2364 0.702759
2610 2365 0.434813
2609 2365 0.458453
2366 2365 1.13533
2365 2365 4.92325
2364 2365 1.27077
2150 2365 0.619528
2149 2365 0.00436344
2611 2366 0.598665
2610 2366 0.251579
2367 2366 1.18414
2366 2366 4.85909
2365 2366 1.13533
2151 2366 0.308989
2150 2366 0.380385
2612 2367 0.300168
2611 2367 0.356401
2368 2367 1.31635
2367 2367 4.94655
2366 2367 1.18414
2152 2367 0.417724
2151 2367 0.371763
2614 2368 0.464031
2613 2368 0.390178
2612 2368 0.325362
2369 2368 1.23766
2368 2368 4.98712
2367 2368 1.31635
2152 2368 0.25354
2615 2369 0.295272
2614 2369 0.389497
2370 2369 0.956872
2369 2369 4.80241
2368 2369 1.23766
2153 2369 0.499452
2152 2369 0.423657
2617 2370 0.192313
2616 2370 0.550276
2615 2370 0.320415
2371 2370 0.994584
2370 2370 4.65482
2369 2370 0.956872
2154 2370 0.332473
2153 2370 0.307891
2618 2371 0.329312
2617 2371 0.461003
2372 2371 1.12282
2371 2371 4.72857
2370 2371 0.994584
2155 2371 0.3859
2154 2371 0.434953
2619 2372 0.256864
2618 2372 0.520255
2373 2372 1.22904
2372 2372 4.84381
2371 2372 1.12282
2156 2372 0.365405
2155 2372 0.349429
2620 2373 0.252877
2619 2373 0.489359
2374 2373 1.30536
2373 2373 4.94051
2372 2373 1.22904
2157 2373 0.334379
2156 2373 0.329492
2621 2374 0.246714
2620 2374 0.465652
2375 2374 1.35571
2374 2374 5.01296
2373 2374 1.30536
2158 2374 0.312555
2157 2374 0.32697
2622 2375 0.24869
2621 2375 0.4462
2376 2375 1.37005
2375 2375 5.05067
2374 2375 1.35571
2159 2375 0.301594
2158 2375 0.328436
2623 2376 0.254393
2622 2376 0.438946
2377 2376 1.34532
2376 2376 5.04391
2375 2376 1.37005
2160 2376 0.302056
2159 2376 0.333156
2624 2377 0.2633
2623 2377 0.445773
2378 2377 1.28018
2377 2377 4.99063
2376 2377 1.34532
2161 2377 0.316235
2160 2377 0.339822
2625 2378 0.27386
2624 2378 0.468627
2379 2378 1.18287
2378 2378 4.89966
2377 2378 1.28018
2162 2378 0.346059
2161 2378 0.348064
2626 2379 0.274745
2625 2379 0.509185
2380 2379 1.09451
2379 2379 4.8049
2378 2379 1.18287
2163 2379 0.387189
2162 2379 0.356402
2627 2380 0.270201
2626 2380 0.548578
2381 2380 1.03249
2380 2380 4.73677
2379 2380 1.09451
2164 2380 0.431155
2163 2380 0.35984
2628 2381 0.221896
2627 2381 0.616865
2382 2381 1.06184
2381 2381 4.73347
2380 2381 1.03249
2165 2381 0.440839
2164 2381 0.35953
2629 2382 0.528648
2628 2382 0.342106
2383 2382 0.947302
2382 2382 4.70346
2381 2382 1.06184
2166 2382 0.429582
2165 2382 0.393981
2630 2383 0.342144
2629 2383 0.528604
2384 2383 1.06187
2383 2383 4.70347
2382 2383 0.947302
2167 2383 0.393946
2166 2383 0.429609
2631 2384 0.617006
2630 2384 0.221821
2385 2384 1.03244
2384 2384 4.73349
2383 2384 1.06187
2168 2384 0.359471
2167 2384 0.440888
2632 2385 0.549529
2631 2385 0.269678
2386 2385 1.09404
2385 2385 4.73672
2384 2385 1.03244
2169 2385 0.359706
2168 2385 0.431329
2633 2386 0.510837
2632 2386 0.273894
2387 2386 1.18202
2386 2386 4.80452
2385 2386 1.09404
2170 2386 0.356165
2169 2386 0.387574
2634 2387 0.470023
2633 2387 0.273126
2388 2387 1.27918
2387 2387 4.8988
2386 2387 1.18202
2171 2387 0.348115
2170 2387 0.346347
2635 2388 0.447177
2634 2388 0.262199
2389 2388 1.34467
2388 2388 4.98974
2387 2388 1.27918
2172 2388 0.339505
2171 2388 0.317008
2636 2389 0.44
2635 2389 0.25326
2390 2389 1.37018
2389 2389 5.04364
2388 2389 1.34467
2173 2389 0.332556
2172 2389 0.302974
2609 2608 0.797506
2880 2609 0.213435
2610 2609 0.82445
2609 2609 4.56279
2365 2609 0.458453
2364 2609 0.490087
2881 2610 0.384217
2880 2610 0.652425
2611 2610 1.17977
2610 2610 4.72726
2609 2610 0.82445
2366 2610 0.251579
2365 2610 0.434813
2881 2611 0.501984
2612 2611 1.34008
2611 2611 4.9769
2610 2611 1.17977
2367 2611 0.356401
2366 2611 0.598665
2882 2612 0.453313
2881 2612 0.293397
2613 2612 1.30712
2612 2612 5.01944
2611 2612 1.34008
2368 2612 0.325362
2367 2612 0.300168
2883 2613 0.831039
2882 2613 0.311071
2614 2613 1.20454
2613 2613 5.04395
2612 2613 1.30712
2368 2613 0.390178
2884 2614 0.402022
2883 2614 0.246295
2615 2614 1.20279
2614 2614 4.90917
2613 2614 1.20454
2369 2614 0.389497
2368 2614 0.464031
2886 2615 0.260846
2885 2615 0.346414
2884 2615 0.236607
2616 2615 1.23509
2615 2615 4.89743
2614 2615 1.20279
2370 2615 0.320415
2369 2615 0.295272
2887 2616 0.473568
2886 2616 0.550215
2617 2616 1.15763
2616 2616 4.96678
2615 2616 1.23509
2370 2616 0.550276
2889 2617 0.332065
2888 2617 0.27399
2887 2617 0.381438
2618 2617 0.941597
2617 2617 4.74004
2616 2617 1.15763
2371 2617 0.461003
2370 2617 0.192313
2890 2618 0.246529
2889 2618 0.577717
2619 2618 1.10731
2618 2618 4.72272
2617 2618 0.941597
2372 2618 0.520255
2371 2618 0.329312
2891 2619 0.404266
2890 2619 0.398871
2620 2619 1.12463
2619 2619 4.7813
2618 2619 1.10731
2373 2619 0.489359
2372 2619 0.256864
2892 2620 0.356621
2891 2620 0.432901
2621 2620 1.18967
2620 2620 4.82235
2619 2620 1.12463
2374 2620 0.465652
2373 2620 0.252877
2893 2621 0.362227
2892 2621 0.404101
2622 2621 1.22379
2621 2621 4.8727
2620 2621 1.18967
2375 2621 0.4462
2374 2621 0.246714
2894 2622 0.36182
2893 2622 0.392577
2623 2622 1.2259
2622 2622 4.89173
2621 2622 1.22379
2376 2622 0.438946
2375 2622 0.24869
2895 2623 0.367947
2894 2623 0.390555
2624 2623 1.18816
2623 2623 4.87273
2622 2623 1.2259
2377 2623 0.445773
2376 2623 0.254393
2896 2624 0.368739
2895 2624 0.410249
2625 2624 1.11956
2624 2624 4.81863
2623 2624 1.18816
2378 2624 0.468627
2377 2624 0.2633
2897 2625 0.363863
2896 2625 0.442949
2626 2625 1.04087
2625 2625 4.75029
2624 2625 1.11956
2379 2625 0.509185
2378 2625 0.27386
2898 2626 0.291529
2897 2626 0.530218
2627 2626 1.03696
2626 2626 4.72291
2625 2626 1.04087
2380 2626 0.548578
2379 2626 0.274745
2899 2627 0.34708
2898 2627 0.471643
2628 2627 0.944222
2627 2627 4.68698
2626 2627 1.03696
2381 2627 0.616865
2380 2627 0.270201
2901 2628 0.360437
2900 2628 0.34424
2899 2628 0.374788
2629 2628 1.15429
2628 2628 4.74198
2627 2628 0.944222
2382 2628 0.342106
2381 2628 0.221896
2901 2629 0.52698
2630 2629 1.15429
2629 2629 4.89281
2628 2629 1.15429
2383 2629 0.528604
2382 2629 0.528648
2903 2630 0.374872
2902 2630 0.344203
2901 2630 0.360427
2631 2630 0.944232
2630 2630 4.74199
2629 2630 1.15429
2384 2630 0.221821
2383 2630 0.342144
2904 2631 0.473179
2903 2631 0.346235
2632 2631 1.03676
2631 2631 4.68709
2630 2631 0.944232
2385 2631 0.269678
2384 2631 0.617006
2905 2632 0.544823
2904 2632 0.283514
2633 2632 1.03471
2632 2632 4.72323
2631 2632 1.03676
2386 2632 0.273894
2385 2632 0.549529
2906 2633 0.457317
2905 2633 0.357522
2634 2633 1.11294
2633 2633 4.74645
2632 2633 1.03471
2387 2633 0.273126
2386 2633 0.510837
2907 2634 0.421006
2906 2634 0.362678
2635 2634 1.18709
2634 2634 4.81594
2633 2634 1.11294
2388 2634 0.262199
2387 2634 0.470023
2908 2635 0.405338
2907 2635 0.353923
2636 2635 1.22596
2635 2635 4.87275
2634 2635 1.18709
2389 2635 0.25326
2388 2635 0.447177
2909 2636 0.397063
2908 2636 0.354204
2637 2636 1.22992
2636 2636 4.89497
2635 2636 1.22596
2390 2636 0.247825
2389 2636 0.44
2880 2879 0.651777
2609 2879 0.672331
3171 2880 0.395998
3170 2880 0.772991
2881 2880 0.534821
2880 2880 4.5193
2610 2880 0.652425
2609 2880 0.213435
3172 2881 0.283732
3171 2881 0.67049
2882 2881 0.806311
2881 2881 4.47495
2880 2881 0.534821
2612 2881 0.293397
2611 2881 0.501984
2610 2881 0.384217
3173 2882 0.422375
3172 2882 0.644946
2883 2882 1.0309
2882 2882 4.66892
2881 2882 0.806311
2613 2882 0.311071
2612 2882 0.453313
3173 2883 0.543427
2884 2883 1.30229
2883 2883 4.95396
2882 2883 1.0309
2614 2883 0.246295
2613 2883 0.831039
3174 2884 0.477815
3173 2884 0.26285
2885 2884 1.36544
2884 2884 5.04703
2883 2884 1.30229
2615 2884 0.236607
2614 2884 0.402022
3175 2885 0.826111
3174 2885 0.308004
2886 2885 1.29705
2885 2885 5.14302
2884 2885 1.36544
2615 2885 0.346414
3176 2886 0.439857
3175 2886 0.237625
2887 2886 1.14373
2886 2886 4.92933
2885 2886 1.29705
2616 2886 0.550215
2615 2886 0.260846
3177 2887 0.444066
3176 2887 0.182967
2888 2887 1.27071
2887 2887 4.89649
2886 2887 1.14373
2617 2887 0.381438
2616 2887 0.473568
3179 2888 0.326036
3178 2888 0.49257
3177 2888 0.313839
2889 2888 1.33296
2888 2888 5.01011
2887 2888 1.27071
2617 2888 0.27399
3180 2889 0.355791
3179 2889 0.291685
2890 2889 0.966444
2889 2889 4.85666
2888 2889 1.33296
2618 2889 0.577717
2617 2889 0.332065
3182 2890 0.330344
3181 2890 0.324383
3180 2890 0.431364
2891 2890 0.93802
2890 2890 4.63596
2889 2890 0.966444
2619 2890 0.398871
2618 2890 0.246529
3183 2891 0.31884
3182 2891 0.512751
2892 2891 1.08677
2891 2891 4.69354
2890 2891 0.93802
2620 2891 0.432901
2619 2891 0.404266
3184 2892 0.494176
3183 2892 0.327688
2893 2892 1.07272
2892 2892 4.74208
2891 2892 1.08677
2621 2892 0.404101
2620 2892 0.356621
3185 2893 0.443156
3184 2893 0.373255
2894 2893 1.09982
2893 2893 4.74376
2892 2893 1.07272
2622 2893 0.392577
2621 2893 0.362227
3186 2894 0.452312
3185 2894 0.358311
2895 2894 1.08873
2894 2894 4.75155
2893 2894 1.09982
2623 2894 0.390555
2622 2894 0.36182
3187 2895 0.453516
3186 2895 0.361647
2896 2895 1.04382
2895 2895 4.72591
2894 2895 1.08873
2624 2895 0.410249
2623 2895 0.367947
3188 2896 0.379574
3187 2896 0.430419
2897 2896 1.03356
2896 2896 4.69906
2895 2896 1.04382
2625 2896 0.442949
2624 2896 0.368739
3189 2897 0.438491
3188 2897 0.363715
2898 2897 0.935083
2897 2897 4.66493
2896 2897 1.03356
2626 2897 0.530218
2625 2897 0.363863
3191 2898 0.354256
3190 2898 0.451525
3189 2898 0.275544
2899 2898 0.83785
2898 2898 4.61743
2897 2898 0.935083
2627 2898 0.471643
2626 2898 0.291529
3193 2899 0.153558
3192 2899 0.308786
3191 2899 0.458413
2900 2899 1.3549
2899 2899 4.83537
2898 2899 0.83785
2628 2899 0.374788
2627 2899 0.34708
3194 2900 0.574068
3193 2900 0.501297
2901 2900 1.33733
2900 2900 5.11183
2899 2900 1.3549
2628 2900 0.34424
3194 2901 0.126798
2902 2901 1.33734
2901 2901 5.04932
2900 2901 1.33733
2630 2901 0.360427
2629 2901 0.52698
2628 2901 0.360437
3195 2902 0.501323
3194 2902 0.574066
2903 2902 1.35491
2902 2902 5.11185
2901 2902 1.33734
2630 2902 0.344203
3197 2903 0.458701
3196 2903 0.308715
3195 2903 0.153529
2904 2903 0.838563
2903 2903 4.83553
2902 2903 1.35491
2631 2903 0.346235
2630 2903 0.374872
3199 2904 0.292054
3198 2904 0.439928
3197 2904 0.352985
2905 2904 0.936615
2904 2904 4.61684
2903 2904 0.838563
2632 2904 0.283514
2631 2904 0.473179
3200 2905 0.490056
3199 2905 0.348171
2906 2905 0.971734
2905 2905 4.64892
2904 2905 0.936615
2633 2905 0.357522
2632 2905 0.544823
3201 2906 0.442285
3200 2906 0.404237
2907 2906 1.03711
2906 2906 4.67536
2905 2906 0.971734
2634 2906 0.362678
2633 2906 0.457317
3202 2907 0.441255
3201 2907 0.383566
2908 2907 1.08418
2907 2907 4.72104
2906 2907 1.03711
2635 2907 0.353923
2634 2907 0.421006
3203 2908 0.426868
3202 2908 0.379571
2909 2908 1.09742
2908 2908 4.74758
2907 2908 1.08418
2636 2908 0.354204
2635 2908 0.405338
3204 2909 0.341757
3203 2909 0.449905
2910 2909 1.13488
2909 2909 4.77332
2908 2909 1.09742
2637 2909 0.352293
2636 2909 0.397063
3488 3169 1.19521
3170 3169 0.667103
2880 3169 0.297856
3489 3170 1.1593
3488 3170 0.441628
3171 3170 0.769504
3170 3170 4.81053
2880 3170 0.772991
3490 3171 0.961049
3489 3171 0.250938
3172 3171 0.607685
3171 3171 4.65566
3170 3171 0.769504
2881 3171 0.67049
2880 3171 0.395998
3492 3172 0.429292
3491 3172 0.816394
3490 3172 0.244778
3173 3172 0.487965
3172 3172 4.51479
3171 3172 0.607685
2882 3172 0.644946
2881 3172 0.283732
3493 3173 0.41095
3492 3173 0.60023
3174 3173 0.715251
3173 3173 4.44305
3172 3173 0.487965
2884 3173 0.26285
2883 3173 0.543427
2882 3173 0.422375
3494 3174 0.416949
3493 3174 0.689692
3175 3174 1.0388
3174 3174 4.64651
3173 3174 0.715251
2885 3174 0.308004
2884 3174 0.477815
3494 3175 0.51946
3176 3175 1.38139
3175 3175 5.00339
3174 3175 1.0388
2886 3175 0.237625
2885 3175 0.826111
3495 3176 0.694646
3494 3176 0.153425
3177 3176 1.16786
3176 3176 5.02015
3175 3176 1.38139
2887 3176 0.182967
2886 3176 0.439857
3496 3177 0.440191
3495 3177 0.253608
3178 3177 1.30877
3177 3177 4.92834
3176 3177 1.16786
2888 3177 0.313839
2887 3177 0.444066
3497 3178 0.780087
3496 3178 0.29842
3179 3178 1.12156
3178 3178 5.00141
3177 3178 1.30877
2888 3178 0.49257
3499 3179 0.284991
3498 3179 0.259882
3497 3179 0.344436
3180 3179 1.216
3179 3179 4.84459
3178 3179 1.12156
2889 3179 0.291685
2888 3179 0.326036
3500 3180 0.0222038
3499 3180 0.537423
3181 3180 1.61222
3180 3180 5.175
3179 3180 1.216
2890 3180 0.431364
2889 3180 0.355791
3501 3181 0.354871
3500 3181 0.551833
3182 3181 1.50765
3181 3181 5.35095
3180 3181 1.61222
2890 3181 0.324383
3502 3182 0.290974
3501 3182 0.356493
3183 3182 0.965749
3182 3182 4.96396
3181 3182 1.50765
2891 3182 0.512751
2890 3182 0.330344
3504 3183 0.361747
3503 3183 0.322605
3502 3183 0.411625
3184 3183 0.914805
3183 3183 4.62306
3182 3183 0.965749
2892 3183 0.327688
2891 3183 0.31884
3505 3184 0.349763
3504 3184 0.494271
3185 3184 1.03768
3184 3184 4.66395
3183 3184 0.914805
2893 3184 0.373255
2892 3184 0.494176
3506 3185 0.443323
3505 3185 0.368423
3186 3185 1.04892
3185 3185 4.69981
3184 3185 1.03768
2894 3185 0.358311
2893 3185 0.443156
3507 3186 0.459583
3506 3186 0.34474
3187 3186 1.03191
3186 3186 4.6991
3185 3186 1.04892
2895 3186 0.361647
2894 3186 0.452312
3508 3187 0.467682
3507 3187 0.328962
3188 3187 0.954453
3187 3187 4.66694
3186 3187 1.03191
2896 3187 0.430419
2895 3187 0.453516
3510 3188 0.404303
3509 3188 0.447229
3508 3188 0.222632
3189 3188 0.856669
3188 3188 4.62857
3187 3188 0.954453
2897 3188 0.363715
2896 3188 0.379574
3512 3189 0.164974
3511 3189 0.305558
3510 3189 0.397981
3190 3189 1.4889
3189 3189 4.92812
3188 3189 0.856669
2898 3189 0.275544
2897 3189 0.438491
3513 3190 0.257549
3512 3190 0.53808
3191 3190 1.63816
3190 3190 5.37421
3189 3190 1.4889
2898 3190 0.451525
3514 3191 0.0240233
3513 3191 0.371672
3192 3191 1.56377
3191 3191 5.41029
3190 3191 1.63816
2899 3191 0.458413
2898 3191 0.354256
3515 3192 0.255202
3514 3192 0.653045
3193 3192 1.66121
3192 3192 5.44201
3191 3192 1.56377
2899 3192 0.308786
3516 3193 0.403016
3515 3193 0.318871
3194 3193 1.07459
3193 3193 5.11253
3192 3193 1.66121
2900 3193 0.501297
2899 3193 0.153558
3516 3194 0.35459
3195 3194 1.07459
3194 3194 4.77869
3193 3194 1.07459
2902 3194 0.574066
2901 3194 0.126798
2900 3194 0.574068
3517 3195 0.318871
3516 3195 0.403015
3196 3195 1.66125
3195 3195 5.11258
3194 3195 1.07459
2903 3195 0.153529
2902 3195 0.501323
3518 3196 0.653096
3517 3196 0.2552
3197 3196 1.56385
3196 3196 5.44211
3195 3196 1.66125
2903 3196 0.308715
3519 3197 0.371941
3518 3197 0.0239472
3198 3197 1.64064
3197 3197 5.41207
3196 3197 1.56385
2904 3197 0.352985
2903 3197 0.458701
3520 3198 0.544925
3519 3198 0.256468
3199 3198 1.49788
3198 3198 5.37985
3197 3198 1.64064
2904 3198 0.439928
3522 3199 0.415208
3521 3199 0.299063
3520 3199 0.157347
3200 3199 0.944051
3199 3199 4.95378
3198 3199 1.49788
2905 3199 0.348171
2904 3199 0.292054
3523 3200 0.39611
3522 3200 0.412474
3201 3200 1.02882
3200 3200 4.67575
3199 3200 0.944051
2906 3200 0.404237
2905 3200 0.490056
3524 3201 0.514879
3523 3201 0.295667
3202 3201 1.03012
3201 3201 4.69533
3200 3201 1.02882
2907 3201 0.383566
2906 3201 0.442285
3525 3202 0.524114
3524 3202 0.282567
3203 3202 1.04547
3202 3202 4.70309
3201 3202 1.03012
2908 3202 0.379571
2907 3202 0.441255
3526 3203 0.523466
3525 3203 0.276015
3204 3203 0.957859
3203 3203 4.67958
3202 3203 1.04547
2909 3203 0.449905
2908 3203 0.426868
3528 3204 0.421905
3527 3204 0.465082
3526 3204 0.198376
3205 3204 0.843599
3204 3204 4.61138
3203 3204 0.957859
2910 3204 0.382802
2909 3204 0.341757
3826 3487 0.255589
3488 3487 0.330449
3826 3488 1.66626
3489 3488 0.585722
3488 3488 5.21927
3170 3488 0.441628
3827 3489 1.50888
3826 3489 0.0313189
3490 3489 0.55788
3489 3489 5.09404
3488 3489 0.585722
3171 3489 0.250938
3170 3489 1.1593
3828 3490 1.26897
3827 3490 0.0837248
3491 3490 0.781492
3490 3490 4.89789
3489 3490 0.55788
3172 3490 0.244778
3171 3490 0.961049
3829 3491 1.35394
3828 3491 0.256541
3492 3491 0.722633
3491 3491 4.931
3490 3491 0.781492
3172 3491 0.816394
3830 3492 0.9652
3829 3492 0.244148
3493 3492 0.678395
3492 3492 4.6399
3491 3492 0.722633
3173 3492 0.60023
3172 3492 0.429292
3831 3493 1.0061
3830 3493 0.311998
3494 3493 0.510659
3493 3493 4.6078
3492 3493 0.678395
3174 3493 0.689692
3173 3493 0.41095
3833 3494 0.414841
3832 3494 0.688677
3831 3494 0.134271
3495 3494 0.596973
3494 3494 4.43526
3493 3494 0.510659
3176 3494 0.153425
3175 3494 0.51946
3174 3494 0.416949
3834 3495 0.411771
3833 3495 0.693364
3496 3495 0.96487
3495 3495 4.61523
3494 3495 0.596973
3177 3495 0.253608
3176 3495 0.694646
3835 3496 0.407978
3834 3496 0.525759
3497 3496 1.09197
3496 3496 4.72919
3495 3496 0.96487
3178 3496 0.29842
3177 3496 0.440191
3835 3497 0.396637
3498 3497 1.4166
3497 3497 5.02974
3496 3497 1.09197
3179 3497 0.344436
3178 3497 0.780087
3836 3498 0.66848
3835 3498 0.47445
3499 3498 1.2971
3498 3498 5.11651
3497 3498 1.4166
3179 3498 0.259882
3837 3499 0.568012
3836 3499 0.164703
3500 3499 1.05859
3499 3499 4.91081
3498 3499 1.2971
3180 3499 0.537423
3179 3499 0.284991
3839 3500 0.139166
3838 3500 0.364867
3837 3500 0.507804
3501 3500 1.24593
3500 3500 4.8904
3499 3500 1.05859
3181 3500 0.551833
3180 3500 0.0222038
3840 3501 0.189853
3839 3501 0.445259
3502 3501 1.4379
3501 3501 5.03031
3500 3501 1.24593
3182 3501 0.356493
3181 3501 0.354871
3841 3502 0.0107236
3840 3502 0.536847
3503 3502 1.62737
3502 3502 5.31544
3501 3502 1.4379
3183 3502 0.411625
3182 3502 0.290974
3842 3503 0.266913
3841 3503 0.669352
3504 3503 1.48798
3503 3503 5.37422
3502 3503 1.62737
3183 3503 0.322605
3843 3504 0.293652
3842 3504 0.362003
3505 3504 0.94192
3504 3504 4.94158
3503 3504 1.48798
3184 3504 0.494271
3183 3504 0.361747
3845 3505 0.381362
3844 3505 0.303255
3843 3505 0.40823
3506 3505 0.849702
3505 3505 4.60266
3504 3505 0.94192
3185 3505 0.368423
3184 3505 0.349763
3847 3506 0.403195
3846 3506 0.308778
3845 3506 0.383612
3507 3506 0.852232
3506 3506 4.58558
3505 3506 0.849702
3186 3506 0.34474
3185 3506 0.443323
3849 3507 0.395547
3848 3507 0.313198
3847 3507 0.363778
3508 3507 0.887174
3507 3507 4.60047
3506 3507 0.852232
3187 3507 0.328962
3186 3507 0.459583
3851 3508 0.186471
3850 3508 0.291318
3849 3508 0.38128
3509 3508 1.53121
3508 3508 4.96776
3507 3508 0.887174
3188 3508 0.222632
3187 3508 0.467682
3852 3509 0.284093
3851 3509 0.51621
3510 3509 1.59844
3509 3509 5.37718
3508 3509 1.53121
3188 3509 0.447229
3853 3510 0.0549887
3852 3510 0.342283
3511 3510 1.60293
3510 3510 5.40092
3509 3510 1.59844
3189 3510 0.397981
3188 3510 0.404303
3854 3511 0.239194
3853 3511 0.612168
3512 3511 1.80072
3511 3511 5.56056
3510 3511 1.60293
3189 3511 0.305558
3855 3512 0.09189
3854 3512 0.370479
3513 3512 1.51287
3512 3512 5.47901
3511 3512 1.80072
3190 3512 0.53808
3189 3512 0.164974
3856 3513 0.0649578
3855 3513 0.53124
3514 3513 1.56429
3513 3513 5.30258
3512 3513 1.51287
3191 3513 0.371672
3190 3513 0.257549
3857 3514 0.101771
3856 3514 0.569849
3515 3514 1.32806
3514 3514 5.24104
3513 3514 1.56429
3192 3514 0.653045
3191 3514 0.0240233
3858 3515 0.38763
3857 3515 0.504734
3516 3515 1.09069
3515 3515 4.88519
3514 3515 1.32806
3193 3515 0.318871
3192 3515 0.255202
3858 3516 0.404262
3517 3516 1.09069
3516 3516 4.74627
3515 3516 1.09069
3195 3516 0.403015
3194 3516 0.35459
3193 3516 0.403016
3859 3517 0.504735
3858 3517 0.38763
3518 3517 1.32806
3517 3517 4.88519
3516 3517 1.09069
3196 3517 0.2552
3195 3517 0.318871
3860 3518 0.569871
3859 3518 0.10177
3519 3518 1.56439
3518 3518 5.24114
3517 3518 1.32806
3197 3518 0.0239472
3196 3518 0.653096
3861 3519 0.531627
3860 3519 0.0649158
3520 3519 1.51439
3519 3519 5.30374
3518 3519 1.56439
3198 3519 0.256468
3197 3519 0.371941
3862 3520 0.370776
3861 3520 0.0914349
3521 3520 1.81218
3520 3520 5.49106
3519 3520 1.51439
3199 3520 0.157347
3198 3520 0.544925
3863 3521 0.626193
3862 3521 0.238801
3522 3521 1.58506
3521 3521 5.5613
3520 3521 1.81218
3199 3521 0.299063
3864 3522 0.4794
