%%MatrixMarket distributed-matrix coordinate real general
%-------------------------------------------------------------------------------
% UF Sparse Matrix Collection, Tim Davis
% http://www.cise.ufl.edu/research/sparse/matrices/Pothen/bodyy5
% name: Pothen/bodyy5
% [bodyy5, with coordinates.  From NASA, collected by Alex Pothen]
% id: 869
% date: 2003
% author: NASA
% ed: G. Kumfert, A. Pothen
% fields: A title name Zeros id aux date author ed kind
% aux: coord
% kind: structural problem
%-------------------------------------------------------------------------------
18589 18589 129281 6
0
20868
42355
65205
86712
108842
129281
152 1 0.142699
2 1 0.277021
152 2 2.45555
3 2 0.138005
2 2 3.87058
1 2 0.277021
152 3 0.263259
128 3 1.28861
5 3 0.139105
4 3 0.147225
3 3 2.97621
2 3 0.138005
5 4 1.65733
4 4 2.80455
3 4 0.147225
128 5 0.489562
6 5 0.384541
5 5 3.67053
4 5 1.65733
3 5 0.139105
128 6 0.258418
127 6 0.302005
126 6 0.355437
7 6 0.364288
6 6 2.66469
5 6 0.384541
126 7 0.36755
125 7 0.399927
8 7 0.68989
7 7 2.82165
6 7 0.364288
125 8 0.293183
124 8 0.435577
9 8 0.410398
8 8 2.82905
7 8 0.68989
124 9 0.325141
123 9 0.396415
10 9 0.734933
9 9 2.86689
8 9 0.410398
123 10 0.384246
122 10 0.359775
11 10 0.375445
10 10 2.8544
9 10 0.734933
122 11 0.363741
121 11 0.387282
12 11 0.742587
11 11 2.86905
10 11 0.375445
121 12 0.243115
120 12 0.324623
13 12 0.744172
12 12 3.0545
11 12 0.742587
120 13 0.272989
119 13 0.326639
14 13 0.642582
13 13 2.98638
12 13 0.744172
119 14 0.343943
118 14 0.37928
15 14 0.455323
14 14 2.82113
13 14 0.642582
118 15 0.390131
117 15 0.428109
16 15 0.446212
15 15 2.71978
14 15 0.455323
117 16 0.369443
116 16 0.408852
17 16 0.524951
16 16 2.74946
15 16 0.446212
116 17 0.366314
115 17 0.379285
18 17 0.500418
17 17 2.77097
16 17 0.524951
115 18 0.424051
114 18 0.411093
19 18 0.375605
18 18 2.71117
17 18 0.500418
114 19 0.455352
113 19 0.287502
20 19 0.782378
19 19 2.90084
18 19 0.375605
113 20 0.777717
21 20 0.448537
20 20 3.00863
19 20 0.782378
113 21 0.0771927
112 21 0.745534
21 21 2.83782
20 21 0.448537
22 21 0.566559
112 22 0.0619582
21 22 0.566559
111 22 0.690599
23 22 0.560899
22 22 2.88001
111 23 0.0884869
110 23 0.712023
24 23 0.478865
23 23 2.84027
22 23 0.560899
110 24 0.0707473
109 24 0.734819
25 24 0.567573
24 24 2.852
23 24 0.478865
109 25 0.0334962
108 25 0.649376
26 25 0.734963
25 25 2.98541
24 25 0.567573
108 26 0.0346342
107 26 0.550129
27 26 0.791576
26 26 3.1113
25 26 0.734963
107 27 0.0542306
106 27 0.517613
28 27 0.765192
27 27 3.12861
26 27 0.791576
106 28 0.0555117
105 28 0.486518
29 28 0.895111
28 28 3.20233
27 28 0.765192
1630 30 0
1629 30 2737.2
32 30 0.000182669
31 30 2738.2
30 30 0.000182669
1630 31 2636.04
33 31 0.000197248
32 31 2637.04
31 31 0.000182669
1631 32 2441.2
1630 32 0
34 32 0.00021299
33 32 2442.2
32 32 0.000197248
1632 33 2260.77
1631 33 0
35 33 0.00022999
34 33 2261.77
33 33 0.00021299
1633 34 2093.67
1632 34 0
36 34 0.000248345
35 34 2094.67
34 34 0.00022999
1634 35 1938.92
1633 35 0
37 35 0.000268166
36 35 1939.92
35 35 0.000248345
1635 36 1795.61
1634 36 0
38 36 0.000289569
37 36 1796.61
36 36 0.000268166
1636 37 1662.89
1635 37 0
39 37 0.00031268
38 37 1663.89
37 37 0.000289569
1637 38 1539.98
1636 38 0
40 38 0.000337636
39 38 1540.98
38 38 0.00031268
1638 39 1426.16
1637 39 0
41 39 0.000364583
40 39 1427.16
39 39 0.000337636
1639 40 1320.75
1638 40 0
42 40 0.000393681
41 40 1321.75
40 40 0.000364583
1640 41 1223.13
1639 41 0
43 41 0.000425101
42 41 1224.13
41 41 0.000393681
1641 42 1132.72
1640 42 0
44 42 0.00045903
43 42 1133.72
42 42 0.000425101
1642 43 1049
1641 43 0
45 43 0.000495666
44 43 1050
43 43 0.00045903
1643 44 971.465
1642 44 0
46 44 0.000535225
45 44 972.466
44 44 0.000495666
1644 45 899.662
1643 45 0
47 45 0.000577943
46 45 900.663
45 45 0.000535225
1645 46 833.165
1644 46 0
48 46 0.000624069
47 46 834.166
46 46 0.000577943
1646 47 771.584
1645 47 0
49 47 0.000673877
48 47 772.585
47 47 0.000624069
1647 48 714.554
1646 48 0
50 48 0.000727661
49 48 715.555
48 48 0.000673877
1648 49 661.739
1647 49 0
51 49 0.000785737
50 49 662.741
49 49 0.000727661
1649 50 612.828
1648 50 0
52 50 0.000848448
51 50 613.83
50 50 0.000785737
1650 51 567.533
1649 51 0
53 51 0.000916164
52 51 568.534
51 51 0.000848448
1651 52 525.585
1650 52 0
54 52 0.000989285
53 52 526.587
52 52 0.000916164
1652 53 486.737
1651 53 0
55 53 0.00106824
54 53 487.739
53 53 0.000989285
1653 54 450.761
1652 54 0
56 54 0.0011535
55 54 451.764
54 54 0.00106824
1654 55 417.444
1653 55 0
57 55 0.00124556
56 55 418.447
55 55 0.0011535
1655 56 386.59
1654 56 0
58 56 0.00134497
57 56 387.593
56 56 0.00124556
1656 57 358.016
1655 57 0
59 57 0.00145232
58 57 359.019
57 57 0.00134497
1657 58 331.554
1656 58 0
60 58 0.00156823
59 58 332.557
58 58 0.00145232
1658 59 233.232
1657 59 0
61 59 0.00338679
60 59 234.237
59 59 0.00156823
1659 60 110.724
1658 60 0
62 60 0.00677357
61 60 111.735
60 60 0.00338679
1660 61 55.3622
1659 61 0
63 61 0.0135471
62 61 56.3825
61 61 0.00677357
1661 62 27.6856
1660 62 0.00016277
64 62 0.0269247
63 62 28.7262
62 62 0.0135471
1662 63 18.7906
1661 63 0.00423267
65 63 0.0220509
64 63 19.8438
63 63 0.0269247
1663 64 27.8342
1662 64 0.488492
66 64 0.536297
65 64 29.881
64 64 0.0220509
1664 65 19.1335
1663 65 -0.496393
67 65 0.0311594
66 65 21.1974
65 65 0.536297
1665 66 27.6899
1664 66 -0.00423271
68 66 0.0137099
67 66 28.739
66 66 0.0311594
1666 67 55.3624
1665 67 -0.00016277
69 67 0.00677357
68 67 56.383
67 67 0.0137099
1667 68 110.724
1666 68 0
70 68 0.00338679
69 68 111.735
68 68 0.00677357
1668 69 233.232
1667 69 0
71 69 0.00156823
70 69 234.237
69 69 0.00338679
1669 70 331.554
1668 70 0
72 70 0.00145232
71 70 332.557
70 70 0.00156823
1670 71 358.016
1669 71 0
73 71 0.00134497
72 71 359.019
71 71 0.00145232
1671 72 386.59
1670 72 0
74 72 0.00124556
73 72 387.593
72 72 0.00134497
1672 73 417.444
1671 73 0
75 73 0.0011535
74 73 418.447
73 73 0.00124556
1673 74 450.761
1672 74 0
76 74 0.00106824
75 74 451.764
74 74 0.0011535
1674 75 486.737
1673 75 0
77 75 0.000989285
76 75 487.739
75 75 0.00106824
1675 76 525.585
1674 76 0
78 76 0.000916164
77 76 526.587
76 76 0.000989285
1676 77 567.533
1675 77 0
79 77 0.000848448
78 77 568.534
77 77 0.000916164
1677 78 612.828
1676 78 0
80 78 0.000785737
79 78 613.83
78 78 0.000848448
1678 79 661.739
1677 79 0
81 79 0.000727661
80 79 662.741
79 79 0.000785737
1679 80 714.554
1678 80 0
82 80 0.000673877
81 80 715.555
80 80 0.000727661
1680 81 771.584
1679 81 0
83 81 0.000624069
82 81 772.585
81 81 0.000673877
1681 82 833.165
1680 82 0
84 82 0.000577943
83 82 834.166
82 82 0.000624069
1682 83 899.662
1681 83 0
85 83 0.000535225
84 83 900.663
83 83 0.000577943
1683 84 971.465
1682 84 0
86 84 0.000495666
85 84 972.466
84 84 0.000535225
1684 85 1049
1683 85 0
87 85 0.00045903
86 85 1050
85 85 0.000495666
1685 86 1132.72
1684 86 0
88 86 0.000425101
87 86 1133.72
86 86 0.00045903
1686 87 1223.13
1685 87 0
89 87 0.000393681
88 87 1224.13
87 87 0.000425101
1687 88 1320.75
1686 88 0
90 88 0.000364583
89 88 1321.75
88 88 0.000393681
1688 89 1426.16
1687 89 0
91 89 0.000337636
90 89 1427.16
89 89 0.000364583
1689 90 1539.98
1688 90 0
92 90 0.00031268
91 90 1540.98
90 90 0.000337636
1690 91 1662.89
1689 91 0
93 91 0.000289569
92 91 1663.89
91 91 0.00031268
1691 92 1795.61
1690 92 0
94 92 0.000268166
93 92 1796.61
92 92 0.000289569
1692 93 1938.92
1691 93 0
95 93 0.000248345
94 93 1939.92
93 93 0.000268166
1693 94 2093.67
1692 94 0
96 94 0.00022999
95 94 2094.67
94 94 0.000248345
1694 95 2260.77
1693 95 0
97 95 0.00021299
96 95 2261.77
95 95 0.00022999
1695 96 2441.2
1694 96 0
98 96 0.000197248
97 96 2442.2
96 96 0.00021299
1696 97 2636.04
1695 97 0
99 97 0.000182669
98 97 2637.04
97 97 0.000197248
1697 98 2737.2
1696 98 0
100 98 0.000182669
99 98 2738.2
98 98 0.000182669
1698 99 2636.04
1697 99 0
101 99 0.000197248
100 99 2637.04
99 99 0.000182669
1699 100 2441.2
1698 100 0
102 100 0.00021299
101 100 2442.2
100 100 0.000197248
1700 101 2260.77
1699 101 0
103 101 0.00022999
102 101 2261.77
101 101 0.00021299
1701 102 2093.67
1700 102 0
104 102 0.000248345
103 102 2094.67
102 102 0.00022999
1701 103 0
104 103 1939.92
103 103 0.000248345
104 104 0.000268166
130 106 0.0667768
129 106 0.521184
107 106 1.65876
106 106 5.529
105 106 1.70916
28 106 0.0555117
27 106 0.517613
131 107 0.0582065
130 107 0.562264
108 107 1.53812
107 107 5.42171
106 107 1.65876
27 107 0.0542306
26 107 0.550129
132 108 0.0549475
131 108 0.634503
109 108 1.33415
108 108 5.24573
107 108 1.53812
26 108 0.0346342
25 108 0.649376
133 109 0.060001
132 109 0.717218
110 109 1.20062
109 109 5.08031
108 109 1.33415
25 109 0.0334962
24 109 0.734819
134 110 0.0702296
133 110 0.741742
111 110 1.20938
110 110 5.00474
109 110 1.20062
24 110 0.0707473
23 110 0.712023
135 111 0.221758
112 111 1.11988
134 111 0.596259
111 111 4.92636
110 111 1.20938
23 111 0.0884869
22 111 0.690599
136 112 0.178761
135 112 0.827065
113 112 0.957297
112 112 4.8905
21 112 0.745534
111 112 1.11988
22 112 0.0619582
137 113 0.188463
136 113 0.554517
114 113 0.844116
113 113 4.6868
112 113 0.957297
21 113 0.0771927
20 113 0.777717
19 113 0.287502
138 114 0.470526
137 114 0.455413
115 114 0.978574
114 114 4.61507
113 114 0.844116
19 114 0.455352
18 114 0.411093
139 115 0.393335
138 115 0.422749
116 115 1.11662
115 115 4.71461
114 115 0.978574
18 115 0.424051
17 115 0.379285
140 116 0.376557
139 116 0.405416
117 116 1.08683
116 116 4.76059
115 116 1.11662
17 116 0.366314
16 116 0.408852
141 117 0.383807
140 117 0.418438
118 117 1.03927
117 117 4.7259
116 117 1.08683
16 117 0.369443
15 117 0.428109
142 118 0.360234
141 118 0.415507
119 118 1.19626
118 118 4.78068
117 118 1.03927
15 118 0.390131
14 118 0.37928
143 119 0.293574
142 119 0.388426
120 119 1.46953
119 119 5.01838
118 119 1.19626
14 119 0.343943
13 119 0.326639
144 120 0.259669
143 120 0.356876
121 120 1.55533
120 120 5.23902
119 120 1.46953
13 120 0.272989
12 120 0.324623
145 121 0.293626
144 121 0.363324
122 121 1.2896
121 121 5.13227
120 121 1.55533
12 121 0.243115
11 121 0.387282
146 122 0.333767
145 122 0.417312
123 122 1.11804
122 122 4.88224
121 122 1.2896
11 122 0.363741
10 122 0.359775
147 123 0.361818
146 123 0.41684
124 123 1.09225
123 123 4.76962
122 123 1.11804
10 123 0.384246
9 123 0.396415
148 124 0.373392
147 124 0.391183
125 124 1.18954
124 124 4.80708
123 124 1.09225
9 124 0.325141
8 124 0.435577
149 125 0.329702
148 125 0.351969
126 125 1.42192
125 125 4.98624
124 125 1.18954
8 125 0.293183
7 125 0.399927
150 126 0.156355
149 126 0.39591
127 126 1.50598
126 126 5.20315
125 126 1.42192
7 126 0.36755
6 126 0.355437
151 127 0.539001
150 127 0.385817
128 127 1.65317
127 127 5.38597
126 127 1.50598
6 127 0.302005
152 128 0.297324
151 128 0.241129
128 128 5.22822
127 128 1.65317
6 128 0.258418
5 128 0.489562
3 128 1.28861
154 130 0.129007
153 130 0.53191
131 130 1.43358
130 130 5.27692
129 130 1.55338
107 130 0.562264
106 130 0.0667768
155 131 0.0613373
154 131 0.675979
132 131 1.30401
131 131 5.16762
130 131 1.43358
108 131 0.634503
107 131 0.0582065
156 132 0.195402
155 132 0.573674
133 132 1.13552
132 132 4.98077
131 132 1.30401
109 132 0.717218
108 132 0.0549475
157 133 0.14905
156 133 0.707597
134 133 1.13805
133 133 4.93196
132 133 1.13552
110 133 0.741742
109 133 0.060001
158 134 0.168425
135 134 1.30356
157 134 0.710501
134 134 4.98702
133 134 1.13805
111 134 0.596259
110 134 0.0702296
158 135 0.529549
136 135 1.11628
135 135 4.99821
112 135 0.827065
134 135 1.30356
111 135 0.221758
159 136 0.498457
158 136 0.376992
137 136 1.11087
136 136 4.83588
135 136 1.11628
113 136 0.554517
112 136 0.178761
161 137 0.58565
160 137 0.179646
159 137 0.370846
138 137 0.833646
137 137 4.72454
136 137 1.11087
114 137 0.455413
113 137 0.188463
162 138 0.372709
161 138 0.538722
139 138 1.02484
138 138 4.66319
137 138 0.833646
115 138 0.422749
114 138 0.470526
163 139 0.449107
162 139 0.380655
140 139 1.05812
139 139 4.71147
138 139 1.02484
116 139 0.405416
115 139 0.393335
164 140 0.36027
163 140 0.451018
141 140 1.06058
140 140 4.72499
139 140 1.05812
117 140 0.418438
116 140 0.376557
165 141 0.488514
164 141 0.330723
142 141 1.04059
141 141 4.71972
140 141 1.06058
118 141 0.415507
117 141 0.383807
166 142 0.388982
165 142 0.385949
143 142 1.24965
142 142 4.81383
141 142 1.04059
119 142 0.388426
118 142 0.360234
167 143 0.342144
166 143 0.352104
144 143 1.43534
143 143 5.02969
142 143 1.24965
120 143 0.356876
119 143 0.293574
168 144 0.345156
167 144 0.335056
145 144 1.35303
144 144 5.09157
143 144 1.43534
121 144 0.363324
120 144 0.259669
169 145 0.394848
168 145 0.345592
146 145 1.1004
145 145 4.9048
144 145 1.35303
122 145 0.417312
121 145 0.293626
170 146 0.446521
169 146 0.351716
147 146 1.13236
146 146 4.7816
145 146 1.1004
123 146 0.41684
122 146 0.333767
171 147 0.489297
170 147 0.30863
148 147 1.10533
147 147 4.78861
146 147 1.13236
124 147 0.391183
123 147 0.361818
172 148 0.472783
171 148 0.265249
149 148 1.32026
148 148 4.88898
147 148 1.10533
125 148 0.351969
124 148 0.373392
173 149 0.387045
172 149 0.245188
150 149 1.34799
149 149 5.02609
148 149 1.32026
126 149 0.39591
125 149 0.329702
175 150 0.338952
174 150 0.279205
173 150 0.315272
151 150 1.04536
150 150 4.86895
149 150 1.34799
127 150 0.385817
126 150 0.156355
176 151 0.247093
175 151 0.445794
152 151 1.40197
151 151 4.92035
150 151 1.04536
128 151 0.241129
127 151 0.539001
176 152 0.347815
152 152 5.90862
151 152 1.40197
128 152 0.297324
3 152 0.263259
2 152 2.45555
1 152 0.142699
178 154 0.272094
177 154 0.468154
155 154 1.09092
154 154 4.95013
153 154 1.31397
131 154 0.675979
130 154 0.129007
180 155 0.235795
179 155 0.341249
178 155 0.492071
156 155 0.978322
155 155 4.77337
154 155 1.09092
132 155 0.573674
131 155 0.0613373
181 156 0.305466
180 156 0.570741
157 156 0.979292
156 156 4.73682
155 156 0.978322
133 156 0.707597
132 156 0.195402
182 157 0.432956
158 157 0.856404
181 157 0.559714
157 157 4.68792
156 157 0.979292
134 157 0.710501
133 157 0.14905
183 158 0.274846
182 158 0.455293
159 158 0.898004
158 158 4.55951
136 158 0.376992
135 158 0.529549
157 158 0.856404
134 158 0.168425
184 159 0.442229
183 159 0.316999
160 159 1.32688
159 159 4.85341
158 159 0.898004
137 159 0.370846
136 159 0.498457
186 160 0.288816
185 160 0.703555
184 160 0.288769
161 160 1.36235
160 160 5.15001
159 160 1.32688
137 160 0.179646
186 161 0.342039
162 161 1.1784
161 161 5.00716
160 161 1.36235
138 161 0.538722
137 161 0.58565
187 162 0.6365
186 162 0.226104
163 162 0.984192
162 162 4.77856
161 162 1.1784
139 162 0.380655
138 162 0.372709
188 163 0.584795
187 163 0.285322
164 163 0.900172
163 163 4.6546
162 163 0.984192
140 163 0.451018
139 163 0.449107
190 164 0.427794
189 164 0.394465
188 164 0.288244
165 164 0.902241
164 164 4.60391
163 164 0.900172
141 164 0.330723
140 164 0.36027
191 165 0.503093
190 165 0.333465
166 165 1.08733
165 165 4.70059
164 165 0.902241
142 165 0.385949
141 165 0.488514
192 166 0.545233
191 166 0.229659
167 166 1.24242
166 166 4.84573
165 166 1.08733
143 166 0.352104
142 166 0.388982
193 167 0.525108
192 167 0.201629
168 167 1.32338
167 167 4.96974
166 167 1.24242
144 167 0.335056
143 167 0.342144
194 168 0.526151
193 168 0.207478
169 168 1.20039
168 168 4.94815
167 168 1.32338
145 168 0.345592
144 168 0.345156
195 169 0.467584
194 169 0.294928
170 169 1.11807
169 169 4.82754
168 169 1.20039
146 169 0.351716
145 169 0.394848
196 170 0.622457
195 170 0.182628
171 170 1.14695
170 170 4.82526
169 170 1.11807
147 170 0.30863
146 170 0.446521
197 171 0.55332
196 171 0.235224
172 171 1.14236
171 171 4.8324
170 171 1.14695
148 171 0.265249
147 171 0.489297
198 172 0.507906
197 172 0.211354
173 172 1.37462
172 172 4.95422
171 172 1.14236
149 172 0.245188
148 172 0.472783
199 173 0.313865
198 173 0.209544
174 173 1.6775
173 173 5.27784
172 173 1.37462
150 173 0.315272
149 173 0.387045
199 174 0.34225
175 174 1.60029
174 174 5.46769
173 174 1.6775
150 174 0.279205
176 175 1.21315
175 175 5.14912
174 175 1.60029
151 175 0.445794
150 175 0.338952
175 176 1.21315
152 176 0.347815
151 176 0.247093
201 178 0.151804
200 178 0.400652
179 178 1.61217
178 178 5.18886
177 178 1.26007
155 178 0.492071
154 178 0.272094
202 179 0.282387
201 179 0.610421
180 179 1.57218
179 179 5.41841
178 179 1.61217
155 179 0.341249
203 180 0.278721
202 180 0.375641
181 180 1.01223
180 180 5.04531
179 180 1.57218
156 180 0.570741
155 180 0.235795
204 181 0.395571
182 181 0.921334
203 181 0.473722
181 181 4.66804
180 181 1.01223
157 181 0.559714
156 181 0.305466
205 182 0.343474
204 182 0.494237
183 182 1.03704
182 182 4.68433
158 182 0.455293
181 182 0.921334
157 182 0.432956
207 183 0.263169
206 183 0.393381
205 183 0.311992
184 183 1.26296
183 183 4.86039
182 183 1.03704
159 183 0.316999
158 183 0.274846
208 184 0.266521
207 184 0.369469
185 184 1.54552
184 184 5.17547
183 184 1.26296
160 184 0.288769
159 184 0.442229
208 185 0.789261
186 185 1.21078
185 185 5.24911
184 185 1.54552
160 185 0.703555
210 186 0.299472
209 186 0.304615
208 186 0.219297
187 186 0.833677
186 186 4.7248
185 186 1.21078
162 186 0.226104
161 186 0.342039
160 186 0.288816
211 187 0.572785
210 187 0.357519
188 187 0.950297
187 187 4.6361
186 187 0.833677
163 187 0.285322
162 187 0.6365
212 188 0.400558
211 188 0.327092
189 188 1.28452
188 188 4.8355
187 188 0.950297
164 188 0.288244
163 188 0.584795
213 189 0.64116
212 189 0.362555
190 189 1.47511
189 189 5.15781
188 189 1.28452
164 189 0.394465
214 190 0.526471
213 190 0.0564124
191 190 1.33579
190 190 5.15504
189 190 1.47511
165 190 0.333465
164 190 0.427794
215 191 0.612799
214 191 0.118766
192 191 1.18321
191 191 4.98331
190 191 1.33579
166 191 0.229659
165 191 0.503093
216 192 0.643127
215 192 0.127866
193 192 1.22119
192 192 4.92226
191 192 1.18321
167 192 0.201629
166 192 0.545233
217 193 0.623322
216 193 0.1339
194 193 1.227
193 193 4.938
192 193 1.22119
168 193 0.207478
167 193 0.525108
218 194 0.614404
217 194 0.15291
195 194 1.02545
194 194 4.84084
193 194 1.227
169 194 0.294928
168 194 0.526151
220 195 0.46073
219 195 0.411631
218 195 0.196029
196 195 0.936238
195 195 4.68029
194 195 1.02545
170 195 0.182628
169 195 0.467584
221 196 0.461749
220 196 0.359964
197 196 1.13435
196 196 4.74998
195 196 0.936238
171 196 0.235224
170 196 0.622457
222 197 0.493565
221 197 0.295368
198 197 1.13756
197 197 4.82552
196 197 1.13435
172 197 0.211354
171 197 0.55332
223 198 0.464502
222 198 0.257118
199 198 1.37087
198 198 4.94751
197 198 1.13756
173 198 0.209544
172 198 0.507906
223 199 0.249524
199 199 5.04889
198 199 1.37087
174 199 0.34225
173 199 0.313865
226 201 0.146806
225 201 0.450338
202 201 1.44837
201 201 5.14414
200 201 1.3364
179 201 0.610421
178 201 0.151804
227 202 0.170602
226 202 0.475639
203 202 1.37462
202 202 5.12726
201 202 1.44837
180 202 0.375641
179 202 0.282387
228 203 0.204965
204 203 1.05432
227 203 0.535471
203 203 4.92181
202 203 1.37462
181 203 0.473722
180 203 0.278721
229 204 0.446101
228 204 0.360395
205 204 0.935299
204 204 4.68592
182 204 0.494237
203 204 1.05432
181 204 0.395571
231 205 0.159389
230 205 0.305537
229 205 0.403585
206 205 1.47766
205 205 4.93693
204 205 0.935299
183 205 0.311992
182 205 0.343474
232 206 0.30715
231 206 0.549975
207 206 1.63391
206 206 5.36207
205 206 1.47766
183 206 0.393381
233 207 0.313575
232 207 0.364306
208 207 1.20867
207 207 5.1531
206 207 1.63391
184 207 0.369469
183 207 0.263169
233 208 0.193467
209 208 1.42284
208 208 5.10006
207 208 1.20867
186 208 0.219297
185 208 0.789261
184 208 0.266521
234 209 0.559837
233 209 0.498853
210 209 1.42565
209 209 5.21179
208 209 1.42284
186 209 0.304615
236 210 0.420349
235 210 0.323463
234 210 0.176279
211 210 0.893588
210 210 4.89632
209 210 1.42565
187 210 0.357519
186 210 0.299472
237 211 0.370517
236 211 0.437608
212 211 1.09653
211 211 4.69812
210 211 0.893588
188 211 0.327092
187 211 0.572785
238 212 0.547601
237 212 0.189401
213 212 1.29956
212 212 4.8962
211 212 1.09653
189 212 0.362555
188 212 0.400558
239 213 0.49365
238 213 0.145957
214 213 1.58634
213 213 5.22307
212 213 1.29956
190 213 0.0564124
189 213 0.64116
240 214 0.53681
239 214 0.109171
215 214 1.37699
214 214 5.25455
213 214 1.58634
191 214 0.118766
190 214 0.526471
241 215 0.619632
240 215 0.13023
216 215 1.14647
215 215 5.01399
214 215 1.37699
192 215 0.127866
191 215 0.612799
242 216 0.548602
241 216 0.214666
217 216 1.21092
216 216 4.89768
215 216 1.14647
193 216 0.1339
192 216 0.643127
243 217 0.656699
242 217 0.126206
218 217 1.15294
217 217 4.923
216 217 1.21092
194 217 0.15291
193 217 0.623322
244 218 0.424823
243 218 0.236829
219 218 1.35456
218 218 4.97959
217 218 1.15294
195 218 0.196029
194 218 0.614404
245 219 0.604304
244 219 0.414903
220 219 1.27797
219 219 5.06337
218 219 1.35456
195 219 0.411631
246 220 0.436255
245 220 0.237688
221 220 1.11253
220 220 4.88513
219 220 1.27797
196 220 0.359964
195 220 0.46073
247 221 0.447748
246 221 0.327923
222 221 1.15689
221 221 4.8022
220 221 1.11253
197 221 0.295368
196 221 0.461749
248 222 0.475611
247 222 0.309637
223 222 1.12232
222 222 4.81514
221 222 1.15689
198 222 0.257118
197 222 0.493565
248 223 0.272372
223 223 4.9009
222 223 1.12232
199 223 0.249524
198 223 0.464502
250 225 0.258339
226 225 1.51703
225 225 5.4076
201 225 0.450338
200 225 0.234986
249 225 0.222748
224 225 1.72416
251 226 0.218544
250 226 0.37959
227 226 1.54911
226 226 5.28672
225 226 1.51703
202 226 0.475639
201 226 0.146806
228 227 1.29504
252 227 0.220848
251 227 0.394098
227 227 5.16517
226 227 1.54911
203 227 0.535471
202 227 0.170602
254 228 0.240758
253 228 0.246439
229 228 1.06891
228 228 4.87459
204 228 0.360395
252 228 0.458081
227 228 1.29504
203 228 0.204965
255 229 0.146493
254 229 0.422218
230 229 1.58662
229 229 5.07393
228 229 1.06891
205 229 0.403585
204 229 0.446101
256 230 0.355082
255 230 0.488173
231 230 1.79311
230 230 5.52852
229 230 1.58662
205 230 0.305537
257 231 0.246256
256 231 0.258283
232 231 1.36144
231 231 5.36845
230 231 1.79311
206 231 0.549975
205 231 0.159389
258 232 0.513785
257 232 0.296054
233 232 1.07049
232 232 4.91322
231 232 1.36144
207 232 0.364306
206 232 0.30715
259 233 0.194423
258 233 0.41261
234 233 1.05207
233 233 4.73549
232 233 1.07049
209 233 0.498853
208 233 0.193467
207 233 0.313575
260 234 0.275471
259 234 0.378919
235 234 1.68002
234 234 5.12259
233 234 1.05207
210 234 0.176279
209 234 0.559837
261 235 0.506318
260 235 0.370798
236 235 1.5352
235 235 5.4158
234 235 1.68002
210 235 0.323463
262 236 0.429493
261 236 0.151452
237 236 1.06195
236 236 5.03605
235 236 1.5352
211 236 0.437608
210 236 0.420349
264 237 0.45485
263 237 0.241954
262 237 0.240082
238 237 1.33262
237 237 4.89137
236 237 1.06195
212 237 0.189401
211 237 0.370517
265 238 0.384855
264 238 0.208422
239 238 1.61548
238 238 5.23493
237 238 1.33262
213 238 0.145957
212 238 0.547601
266 239 0.400579
265 239 0.204377
240 239 1.51515
239 239 5.33841
238 239 1.61548
214 239 0.109171
213 239 0.49365
267 240 0.46193
266 240 0.221704
241 240 1.25511
240 240 5.12093
239 240 1.51515
215 240 0.13023
214 240 0.53681
268 241 0.554737
267 241 0.210121
242 241 1.00906
241 241 4.86333
240 241 1.25511
216 241 0.214666
215 241 0.619632
270 242 0.479942
269 242 0.408754
268 242 0.182098
243 242 0.937504
242 242 4.69217
241 242 1.00906
217 242 0.126206
216 242 0.548602
271 243 0.334629
270 243 0.471233
244 243 1.10206
243 243 4.73896
242 243 0.937504
218 243 0.236829
217 243 0.656699
272 244 0.431622
271 244 0.369294
245 244 0.951579
244 244 4.69429
243 244 1.10206
219 244 0.414903
218 244 0.424823
273 245 0.26215
272 245 0.53813
246 245 1.17154
245 245 4.76539
244 245 0.951579
220 245 0.237688
219 245 0.604304
274 246 0.348587
273 246 0.412605
247 246 1.09255
246 246 4.78946
245 246 1.17154
221 246 0.327923
220 246 0.436255
275 247 0.287996
274 247 0.507553
248 247 1.14063
247 247 4.78611
246 247 1.09255
222 247 0.309637
221 247 0.447748
275 248 0.438588
248 248 4.80684
247 248 1.14063
223 248 0.272372
222 248 0.475611
277 250 0.180227
251 250 1.48552
250 250 5.17312
226 250 0.37959
225 250 0.258339
276 250 0.446773
249 250 1.42268
278 251 0.145054
277 251 0.458514
252 251 1.58397
251 251 5.28569
250 251 1.48552
227 251 0.394098
226 251 0.218544
253 252 1.7793
228 252 0.458081
279 252 0.00899447
278 252 0.459242
252 252 5.51043
251 252 1.58397
227 252 0.220848
280 253 0.23304
254 253 1.88726
253 253 5.76142
228 253 0.246439
279 253 0.615386
252 253 1.7793
281 254 0.116553
280 254 0.329605
255 254 1.60079
254 254 5.59718
253 254 1.88726
229 254 0.422218
228 254 0.240758
282 255 0.134895
281 255 0.451737
256 255 1.49578
255 255 5.31787
254 255 1.60079
230 255 0.488173
229 255 0.146493
283 256 0.175163
282 256 0.464112
257 256 1.45363
256 256 5.20205
255 256 1.49578
231 256 0.258283
230 256 0.355082
284 257 0.267387
283 257 0.48258
258 257 1.36895
257 257 5.11486
256 257 1.45363
232 257 0.296054
231 257 0.246256
284 258 0.410581
259 258 1.41538
258 258 5.1213
257 258 1.36895
233 258 0.41261
232 258 0.513785
285 259 0.480497
284 259 0.281208
260 259 1.32976
259 259 5.08018
258 259 1.41538
234 259 0.378919
233 259 0.194423
286 260 0.47599
285 260 0.209278
261 260 1.40604
260 260 5.06733
259 260 1.32976
235 260 0.370798
234 260 0.275471
287 261 0.458858
286 261 0.151452
262 261 1.5555
261 261 5.22962
260 261 1.40604
236 261 0.151452
235 261 0.506318
288 262 0.32982
287 262 0.125183
263 262 1.88158
262 262 5.56166
261 262 1.5555
237 262 0.240082
236 262 0.429493
289 263 0.606764
288 263 0.235971
264 263 1.81804
263 263 5.78431
262 263 1.88158
237 263 0.241954
290 264 0.442763
289 264 0.00584693
265 264 1.66196
264 264 5.59188
263 264 1.81804
238 264 0.208422
237 264 0.45485
291 265 0.443546
290 265 0.139409
266 265 1.54449
265 265 5.37864
264 265 1.66196
239 265 0.204377
238 265 0.384855
292 266 0.465981
291 266 0.173162
267 266 1.39305
266 266 5.19897
265 266 1.54449
240 266 0.221704
239 266 0.400579
293 267 0.474888
292 267 0.193738
268 267 1.34847
267 267 5.08219
266 267 1.39305
241 267 0.210121
240 267 0.46193
294 268 0.362715
293 268 0.195118
269 268 1.60698
268 268 5.25011
267 268 1.34847
242 268 0.182098
241 268 0.554737
295 269 0.645012
294 269 0.34898
270 269 1.17169
269 269 5.18142
268 269 1.60698
242 269 0.408754
296 270 0.421072
295 270 0.282971
271 270 0.92909
270 270 4.756
269 270 1.17169
243 270 0.471233
242 270 0.479942
298 271 0.31129
297 271 0.465119
296 271 0.279494
272 271 0.917842
271 271 4.60676
270 271 0.92909
244 271 0.369294
243 271 0.334629
299 272 0.38325
298 272 0.455421
273 272 0.910762
272 272 4.63703
271 272 0.917842
245 272 0.53813
244 272 0.431622
301 273 0.275547
300 273 0.405064
299 273 0.413346
274 273 0.92682
273 273 4.60629
272 273 0.910762
246 273 0.412605
245 273 0.26215
302 274 0.293102
301 274 0.538272
275 274 1.08813
274 274 4.70247
273 274 0.92682
247 274 0.507553
246 274 0.348587
302 275 0.475444
275 275 4.83218
274 275 1.08813
248 275 0.438588
247 275 0.287996
304 277 0.247669
278 277 1.47342
277 277 5.12994
251 277 0.458514
250 277 0.180227
303 277 0.413491
276 277 1.35661
305 278 0.21502
304 278 0.393043
279 278 1.61737
278 278 5.30315
277 278 1.47342
252 278 0.459242
251 278 0.145054
280 279 1.58216
253 279 0.615386
306 279 0.207287
305 279 0.381077
279 279 5.41228
278 279 1.61737
252 279 0.00899447
307 280 0.210729
281 280 1.71157
280 280 5.43274
254 280 0.329605
253 280 0.23304
306 280 0.365632
279 280 1.58216
308 281 0.209923
307 281 0.365017
282 281 1.60105
281 281 5.45585
280 281 1.71157
255 281 0.451737
254 281 0.116553
309 282 0.23837
308 282 0.398034
283 282 1.42054
282 282 5.257
281 282 1.60105
256 282 0.464112
255 282 0.134895
310 283 0.378431
309 283 0.427449
284 283 1.04913
283 283 4.9333
282 283 1.42054
257 283 0.48258
256 283 0.175163
311 284 0.301234
310 284 0.344824
285 284 1.00359
284 284 4.65796
283 284 1.04913
259 284 0.281208
258 284 0.410581
257 284 0.267387
312 285 0.393825
311 285 0.441741
286 285 1.32403
285 285 4.85296
284 285 1.00359
260 285 0.209278
259 285 0.480497
313 286 0.367009
312 286 0.300053
287 286 1.52501
286 286 5.14354
285 286 1.32403
261 286 0.151452
260 286 0.47599
314 287 0.330762
313 287 0.261228
288 287 1.67372
287 287 5.37476
286 287 1.52501
262 287 0.125183
261 287 0.458858
315 288 0.32507
314 288 0.254614
289 288 1.58899
288 288 5.40818
287 288 1.67372
263 288 0.235971
262 288 0.32982
316 289 0.331488
315 289 0.246078
290 289 1.67053
289 289 5.4497
288 289 1.58899
264 289 0.00584693
263 289 0.606764
317 290 0.334807
316 290 0.251001
291 290 1.5455
290 290 5.38402
289 290 1.67053
265 290 0.139409
264 290 0.442763
318 291 0.355912
317 291 0.286177
292 291 1.3903
291 291 5.1946
290 291 1.5455
266 291 0.173162
265 291 0.443546
319 292 0.366904
318 292 0.316499
293 292 1.3165
292 292 5.04993
291 292 1.3903
267 292 0.193738
266 292 0.465981
320 293 0.340507
319 293 0.333382
294 293 1.39008
293 293 5.05048
292 293 1.3165
268 293 0.195118
267 293 0.474888
321 294 0.35568
320 294 0.344383
295 294 1.13815
294 294 4.93999
293 294 1.39008
269 294 0.34898
268 294 0.362715
322 295 0.450298
321 295 0.315937
296 295 0.927918
295 295 4.76029
294 295 1.13815
270 295 0.282971
269 295 0.645012
324 296 0.163601
323 296 0.470981
322 296 0.308647
297 296 1.16928
296 296 4.741
295 296 0.927918
271 296 0.279494
270 296 0.421072
325 297 0.462276
324 297 0.472049
298 297 1.56645
297 297 5.13518
296 297 1.16928
271 297 0.465119
326 298 0.255395
325 298 0.282158
299 298 1.30095
298 298 5.17166
297 298 1.56645
272 298 0.455421
271 298 0.31129
327 299 0.239371
326 299 0.381345
300 299 1.24268
299 299 4.96094
298 299 1.30095
273 299 0.413346
272 299 0.38325
328 300 0.521997
327 300 0.514259
301 300 1.36101
300 300 5.04501
299 300 1.24268
273 300 0.405064
329 301 0.411673
328 301 0.273815
302 301 1.06184
301 301 4.92216
300 301 1.36101
274 301 0.538272
273 301 0.275547
329 302 0.419727
302 302 4.79078
301 302 1.06184
275 302 0.475444
274 302 0.293102
331 304 0.264137
305 304 1.46657
304 304 5.09006
278 304 0.393043
277 304 0.247669
330 304 0.402936
303 304 1.31571
332 305 0.236624
331 305 0.382096
306 305 1.57445
305 305 5.25584
304 305 1.46657
279 305 0.381077
278 305 0.21502
307 306 1.6023
280 306 0.365632
333 306 0.226195
332 306 0.369904
306 306 5.34577
305 306 1.57445
279 306 0.207287
334 307 0.231077
308 307 1.54659
307 307 5.32713
281 307 0.365017
280 307 0.210729
333 307 0.371417
306 307 1.6023
335 308 0.252304
334 308 0.388789
309 308 1.39996
308 308 5.19561
307 308 1.54659
282 308 0.398034
281 308 0.209923
336 309 0.299977
335 309 0.421177
310 309 1.19516
309 309 4.9821
308 309 1.39996
283 309 0.427449
282 309 0.23837
337 310 0.334636
336 310 0.444602
311 310 1.15184
310 310 4.8495
309 310 1.19516
284 310 0.344824
283 310 0.378431
338 311 0.339025
337 311 0.454043
312 311 1.13171
311 311 4.8196
310 311 1.15184
285 311 0.441741
284 311 0.301234
339 312 0.319589
338 312 0.428377
313 312 1.32534
312 312 4.8989
311 312 1.13171
286 312 0.300053
285 312 0.393825
340 313 0.284012
339 313 0.37814
314 313 1.49409
313 313 5.10982
312 313 1.32534
287 313 0.261228
286 313 0.367009
341 314 0.261991
340 314 0.350319
315 314 1.58171
314 314 5.27349
313 314 1.49409
288 314 0.254614
287 314 0.330762
342 315 0.255156
341 315 0.339559
316 315 1.59042
315 315 5.338
314 315 1.58171
289 315 0.246078
288 315 0.32507
343 316 0.261532
342 316 0.344796
317 316 1.51314
316 316 5.29237
315 316 1.59042
290 316 0.251001
289 316 0.331488
344 317 0.278661
343 317 0.368802
318 317 1.36247
317 317 5.14405
316 317 1.51314
291 317 0.286177
290 317 0.334807
345 318 0.296108
344 318 0.405741
319 318 1.24144
318 318 4.97817
317 318 1.36247
292 318 0.316499
291 318 0.355912
346 319 0.28999
345 319 0.439061
320 319 1.23409
319 319 4.90487
318 319 1.24144
293 319 0.333382
292 319 0.366904
347 320 0.257462
346 320 0.448357
321 320 1.33415
320 320 4.95895
319 320 1.23409
294 320 0.344383
293 320 0.340507
348 321 0.230327
347 321 0.431412
322 321 1.3777
321 321 5.0452
320 321 1.33415
295 321 0.315937
294 321 0.35568
349 322 0.141732
348 322 0.410887
323 322 1.46127
322 322 5.15054
321 322 1.3777
296 322 0.308647
295 322 0.450298
350 323 0.422785
349 323 0.543168
324 323 1.2015
323 323 5.09971
322 323 1.46127
296 323 0.470981
352 324 0.249931
351 324 0.28735
350 324 0.316087
325 324 1.17897
324 324 4.86949
323 324 1.2015
297 324 0.472049
296 324 0.163601
353 325 0.186906
352 325 0.414652
326 325 1.55366
325 325 5.07863
324 325 1.17897
298 325 0.282158
297 325 0.462276
354 326 0.211004
353 326 0.428111
327 326 1.33425
326 326 5.16377
325 326 1.55366
299 326 0.381345
298 326 0.255395
355 327 0.333161
354 327 0.419234
328 327 1.02086
327 327 4.86113
326 327 1.33425
300 327 0.514259
299 327 0.239371
356 328 0.429001
355 328 0.357629
329 328 1.16792
328 328 4.77122
327 328 1.02086
301 328 0.273815
300 328 0.521997
356 329 0.289917
329 329 4.76682
328 329 1.16792
302 329 0.419727
301 329 0.411673
358 331 0.341602
332 331 1.43805
331 331 5.05596
305 331 0.382096
304 331 0.264137
357 331 0.334734
330 331 1.29534
359 332 0.321149
358 332 0.314811
333 332 1.50885
332 332 5.18939
331 332 1.43805
306 332 0.369904
305 332 0.236624
334 333 1.48598
307 333 0.371417
360 333 0.31867
359 333 0.309597
333 333 5.22071
332 333 1.50885
306 333 0.226195
361 334 0.332791
335 334 1.37723
334 334 5.13693
308 334 0.388789
307 334 0.231077
360 334 0.321063
333 334 1.48598
362 335 0.362232
361 335 0.350823
336 335 1.20551
335 335 4.96927
334 335 1.37723
309 335 0.421177
308 335 0.252304
363 336 0.391724
362 336 0.398114
337 336 1.05609
336 336 4.79602
335 336 1.20551
310 336 0.444602
309 336 0.299977
364 337 0.417817
363 337 0.420602
338 337 1.02385
337 337 4.70704
336 337 1.05609
311 337 0.454043
310 337 0.334636
365 338 0.415667
364 338 0.40142
339 338 1.13533
338 338 4.74366
337 338 1.02385
312 338 0.428377
311 338 0.339025
366 339 0.382721
365 339 0.359638
340 339 1.31807
339 339 4.89348
338 339 1.13533
313 339 0.37814
312 339 0.319589
367 340 0.358103
366 340 0.313018
341 340 1.45411
340 340 5.07763
339 340 1.31807
314 340 0.350319
313 340 0.284012
368 341 0.345994
367 341 0.287442
342 341 1.50907
341 341 5.19816
340 341 1.45411
315 341 0.339559
314 341 0.261991
369 342 0.345404
368 342 0.283886
343 342 1.47167
342 342 5.20999
341 342 1.50907
316 342 0.344796
315 342 0.255156
370 343 0.35465
369 343 0.303701
344 343 1.34798
343 343 5.10833
342 343 1.47167
317 343 0.368802
316 343 0.261532
371 344 0.367901
370 344 0.34546
345 344 1.2033
344 344 4.94904
343 344 1.34798
318 344 0.405741
317 344 0.278661
372 345 0.373416
371 345 0.392841
346 345 1.1208
345 345 4.82552
344 345 1.2033
319 345 0.439061
318 345 0.296108
373 346 0.354465
372 346 0.418297
347 346 1.18601
346 346 4.81791
345 346 1.1208
320 346 0.448357
319 346 0.28999
374 347 0.312936
373 347 0.406678
348 347 1.35166
347 347 4.94616
346 347 1.18601
321 347 0.431412
320 347 0.257462
375 348 0.269423
374 348 0.375602
349 348 1.48985
348 348 5.12775
347 348 1.35166
322 348 0.410887
321 348 0.230327
376 349 0.269985
375 349 0.359709
350 349 1.33247
349 349 5.13692
348 349 1.48985
323 349 0.543168
322 349 0.141732
377 350 0.179726
376 350 0.335586
351 350 1.6273
350 350 5.21396
349 350 1.33247
324 350 0.316087
323 350 0.422785
378 351 0.408933
377 351 0.449454
352 351 1.7461
351 351 5.51914
350 351 1.6273
324 351 0.28735
379 352 0.262386
378 352 0.228286
353 352 1.52578
352 352 5.42713
351 352 1.7461
325 352 0.414652
324 352 0.249931
380 353 0.267353
379 353 0.369364
354 353 1.42264
353 353 5.20015
352 353 1.52578
326 353 0.428111
325 353 0.186906
381 354 0.309828
380 354 0.388003
355 354 1.31136
354 354 5.06207
353 354 1.42264
327 354 0.419234
326 354 0.211004
382 355 0.39697
381 355 0.347977
356 355 1.15614
355 355 4.90324
354 355 1.31136
328 355 0.357629
327 355 0.333161
382 356 0.294969
356 356 4.87756
355 356 1.15614
329 356 0.289917
328 356 0.429001
384 358 0.276196
359 358 1.39161
358 358 5.02058
332 358 0.314811
331 358 0.341602
383 358 0.410774
357 358 1.28559
385 359 0.262224
384 359 0.401529
360 359 1.40828
359 359 5.09439
358 359 1.39161
333 359 0.309597
332 359 0.321149
361 360 1.33472
334 360 0.321063
386 360 0.271503
385 360 0.405188
360 360 5.05943
359 360 1.40828
333 360 0.31867
387 361 0.301492
362 361 1.18786
361 361 4.93129
335 361 0.350823
334 361 0.332791
386 361 0.423602
360 361 1.33472
388 362 0.333967
387 362 0.464274
363 362 1.02446
362 362 4.7709
361 362 1.18786
336 362 0.398114
335 362 0.362232
389 363 0.303075
388 363 0.546593
364 363 1.00264
363 363 4.6891
362 363 1.02446
337 363 0.420602
336 363 0.391724
390 364 0.455483
389 364 0.392162
365 364 0.999836
364 364 4.66936
363 364 1.00264
338 364 0.40142
337 364 0.417817
391 365 0.371221
390 365 0.440224
366 365 1.15567
365 365 4.74225
364 365 0.999836
339 365 0.359638
338 365 0.415667
392 366 0.33446
391 366 0.402985
367 366 1.31077
366 366 4.89962
365 366 1.15567
340 366 0.313018
339 366 0.382721
393 367 0.312835
392 367 0.370104
368 367 1.39905
367 367 5.0383
366 367 1.31077
341 367 0.287442
340 367 0.358103
394 368 0.306464
393 368 0.357189
369 368 1.39923
368 368 5.09181
367 368 1.39905
342 368 0.283886
341 368 0.345994
395 369 0.313751
394 369 0.367009
370 369 1.30675
369 369 5.03585
368 369 1.39923
343 369 0.303701
342 369 0.345404
396 370 0.323454
395 370 0.40623
371 370 1.16603
370 370 4.90257
369 370 1.30675
344 370 0.34546
343 370 0.35465
397 371 0.343847
396 371 0.447008
372 371 1.05355
371 371 4.77117
370 371 1.16603
345 371 0.392841
344 371 0.367901
398 372 0.346851
397 372 0.47825
373 372 1.04454
372 372 4.7149
371 372 1.05355
346 372 0.418297
345 372 0.373416
399 373 0.304926
398 373 0.488641
374 373 1.17919
373 373 4.77844
372 373 1.04454
347 373 0.406678
346 373 0.354465
400 374 0.250425
399 374 0.468443
375 374 1.36194
374 374 4.94854
373 374 1.17919
348 374 0.375602
347 374 0.312936
401 375 0.208312
400 375 0.447108
376 375 1.48389
375 375 5.13038
374 375 1.36194
349 375 0.359709
348 375 0.269423
402 376 0.182765
401 376 0.433782
377 376 1.53431
376 376 5.24031
375 376 1.48389
350 376 0.335586
349 376 0.269985
403 377 0.18972
402 377 0.439757
378 377 1.4087
377 377 5.20166
376 377 1.53431
351 377 0.449454
350 377 0.179726
404 378 0.207938
403 378 0.440335
379 378 1.45677
378 378 5.15096
377 378 1.4087
352 378 0.228286
351 378 0.408933
405 379 0.22278
404 379 0.450266
380 379 1.3385
379 379 5.10007
378 379 1.45677
353 379 0.369364
352 379 0.262386
406 380 0.2423
405 380 0.476432
381 380 1.28057
380 380 4.99316
379 380 1.3385
354 380 0.388003
353 380 0.267353
407 381 0.274926
406 381 0.465976
382 381 1.27043
381 381 4.94971
380 381 1.28057
355 381 0.347977
354 381 0.309828
407 382 0.390901
382 382 4.89006
381 382 1.27043
356 382 0.294969
355 382 0.39697
409 384 0.3181
385 384 1.31482
384 384 4.95441
359 384 0.401529
358 384 0.276196
408 384 0.394381
383 384 1.24939
410 385 0.314931
409 385 0.391744
386 385 1.28825
385 385 4.97715
384 385 1.31482
360 385 0.405188
359 385 0.262224
387 386 1.18132
361 386 0.423602
411 386 0.336379
410 386 0.40196
386 386 4.90301
385 386 1.28825
360 386 0.271503
412 387 0.368436
388 387 1.03212
387 387 4.77388
362 387 0.464274
361 387 0.301492
411 387 0.426242
386 387 1.18132
413 388 0.340434
412 388 0.501031
389 388 0.915587
388 388 4.66974
387 388 1.03212
363 388 0.546593
362 388 0.333967
415 389 0.345563
414 389 0.464805
413 389 0.305541
390 389 0.864765
389 389 4.5915
388 389 0.915587
364 389 0.392162
363 389 0.303075
416 390 0.411859
415 390 0.455073
391 390 1.00382
390 390 4.63123
389 390 0.864765
365 390 0.440224
364 390 0.455483
417 391 0.41868
416 391 0.394478
392 391 1.14756
391 391 4.73874
390 391 1.00382
366 391 0.402985
365 391 0.371221
418 392 0.393012
417 392 0.356224
393 392 1.26857
392 392 4.86993
391 392 1.14756
367 392 0.370104
366 392 0.33446
419 393 0.379331
418 393 0.329815
394 393 1.31359
393 393 4.96133
392 393 1.26857
368 393 0.357189
367 393 0.312835
420 394 0.378479
419 394 0.328164
395 394 1.2674
394 394 4.96111
393 394 1.31359
369 394 0.367009
368 394 0.306464
421 395 0.376879
420 395 0.361504
396 395 1.14254
395 395 4.8683
394 395 1.2674
370 395 0.40623
